name	length	score	pvalue
NODE_1_length_117331_cov_106.407040	117331	0.840706429277724	0.0227989328159107
NODE_2_length_105961_cov_50.794969	105961	0.883206638091593	0.0158864904195974
NODE_3_length_78528_cov_14.369745	78528	0.954849636306606	0.00666990055784623
NODE_4_length_78161_cov_36.432105	78161	0.837036496082255	0.0234052874120786
NODE_5_length_74935_cov_46.334776	74935	0.667435848055771	0.051903953431967
NODE_6_length_67109_cov_8.715065	67109	0.891057925402676	0.0147950521464953
NODE_7_length_60631_cov_45.667624	60631	0.665068633306396	0.0522677661896677
NODE_8_length_56473_cov_66.142632	56473	0.985781409186352	0.00278923114237206
NODE_9_length_50836_cov_28.484532	50836	0.627271584070691	0.0607567305360175
NODE_10_length_49681_cov_52.444727	49681	0.878219791962425	0.0167353868542324
NODE_11_length_47903_cov_26.131562	47903	0.783421556990985	0.0310453553237934
NODE_12_length_44614_cov_27.590812	44614	0.746327478118407	0.0372301722047053
NODE_13_length_42709_cov_26.078703	42709	0.590706869948063	0.0682755275284987
NODE_14_length_42593_cov_61.318821	42593	0.603308167055038	0.066213921901528
NODE_15_length_39942_cov_32.951488	39942	0.566728596690823	0.0728838224593742
NODE_16_length_37854_cov_25.449059	37854	0.851158432253964	0.0209798690274072
NODE_17_length_37648_cov_114.999574	37648	0.926864490206046	0.0101867572156197
NODE_18_length_36109_cov_16.319493	36109	0.656239102930993	0.0543293718166384
NODE_19_length_33273_cov_37.382233	33273	0.518399940401225	0.0834343924326946
NODE_20_length_31904_cov_86.905774	31904	0.598453250265083	0.0666990055784623
NODE_21_length_30898_cov_25.624323	30898	0.987069214791622	0.00278923114237206
NODE_22_length_30168_cov_24.851825	30168	0.970010340473571	0.00521464952704342
NODE_23_length_29582_cov_48.543706	29582	0.957659877704701	0.00654862963861266
NODE_24_length_27839_cov_39.186510	27839	0.805634769942857	0.0278923114237206
NODE_25_length_27102_cov_32.212926	27102	0.822180548765412	0.0251030802813485
NODE_26_length_26938_cov_16.970874	26938	0.95305958498618	0.0067911714770798
NODE_28_length_26342_cov_62.620953	26342	0.926203245412546	0.0103080281348533
NODE_29_length_26308_cov_46.815031	26308	0.908283889412489	0.0126121756002911
NODE_30_length_25367_cov_8.563567	25367	0.991632211394102	0.00206160562697065
NODE_31_length_25299_cov_25.733560	25299	0.972280509153111	0.00472956585010914
NODE_32_length_25053_cov_121.054604	25053	0.853258837125978	0.0207373271889401
NODE_33_length_23999_cov_13.627715	23999	0.597268398754154	0.067062818336163
NODE_34_length_23295_cov_97.113167	23295	0.983550378976324	0.00327431481930633
NODE_35_length_22863_cov_79.982988	22863	0.965782796328394	0.00557846228474412
NODE_36_length_21628_cov_8.703889	21628	0.667451761128949	0.051903953431967
NODE_37_length_21019_cov_66.950057	21019	0.952080255750917	0.00691244239631336
NODE_38_length_19368_cov_31.752861	19368	0.937353691636527	0.00885277710405045
NODE_39_length_19034_cov_30.572686	19034	0.948958426405408	0.0071549842347805
NODE_40_length_17823_cov_13.440792	17823	0.78226671315543	0.0314091680814941
NODE_41_length_16209_cov_11.695741	16209	0.352940171096791	0.136793596895464
NODE_42_length_15944_cov_22.931147	15944	0.830276383549262	0.0243754547659471
NODE_44_length_14817_cov_32.915188	14817	0.862774819331611	0.0191608052389037
NODE_45_length_14523_cov_15.126970	14523	0.572851071990838	0.0717923841862721
NODE_46_length_14368_cov_4.583036	14368	0.569843213519006	0.0722774678632064
NODE_47_length_14339_cov_8.214436	14339	0.248633844376081	0.190516614115935
NODE_48_length_13833_cov_15.658586	13833	0.181709904658207	0.238903710890129
NODE_49_length_13385_cov_13.054239	13385	0.473157856874226	0.0950764006791171
NODE_50_length_12831_cov_17.394177	12831	0.593814420769475	0.067911714770798
NODE_51_length_12693_cov_29.442238	12693	0.986188625870172	0.00278923114237206
NODE_52_length_12394_cov_14.265094	12394	0.164479613648003	0.256366723259762
NODE_53_length_12326_cov_4.031212	12326	0.606896012967179	0.0654862963861266
NODE_54_length_11754_cov_5.886742	11754	0.341675677263306	0.141644433664807
NODE_55_length_11507_cov_10.013622	11507	0.997154058103138	0.000606354596167839
NODE_56_length_11459_cov_5.725360	11459	0.228975652350939	0.201188455008489
NODE_57_length_11138_cov_4.961112	11138	0.719709754785562	0.0422022798932816
NODE_58_length_11061_cov_7.717154	11061	0.0447323560093379	0.471258792141644
NODE_59_length_10925_cov_35.822631	10925	0.982370769207486	0.0033955857385399
NODE_60_length_10442_cov_11.638972	10442	0.121425558426596	0.302813485326219
NODE_61_length_10345_cov_13.403499	10345	0.236860660310872	0.195609992723745
NODE_62_length_9645_cov_6.667362	9645	0.16136076782211	0.258792141644434
NODE_63_length_9549_cov_3.574889	9549	0.654232790067507	0.0545719136551055
NODE_64_length_9342_cov_13.178206	9342	0.954548709174687	0.00666990055784623
NODE_65_length_8771_cov_10.198944	8771	0.361718983293527	0.133640552995392
NODE_66_length_8735_cov_12.730760	8735	0.131404614985388	0.289473684210526
NODE_67_length_8716_cov_8.318554	8716	0.0982428381105668	0.338709677419355
NODE_68_length_8378_cov_9.071849	8378	0.187849721252553	0.233931603201552
NODE_69_length_8255_cov_8.762073	8255	0.147553621309441	0.271768130002425
NODE_70_length_7947_cov_6.159782	7947	0.566490549059099	0.0728838224593742
NODE_71_length_7844_cov_5.078572	7844	0.556224559122248	0.0755517826825127
NODE_72_length_7839_cov_21.566161	7839	0.795677460805477	0.0289837496968227
NODE_73_length_7801_cov_47.237284	7801	0.859923289914505	0.0198884307543051
NODE_74_length_7797_cov_4.318781	7797	0.94577453530441	0.0075187969924812
NODE_75_length_7773_cov_10.261855	7773	0.256708285606639	0.186029590104293
NODE_76_length_7754_cov_4.484089	7754	0.948739443240748	0.00727625515401407
NODE_77_length_7653_cov_15.627402	7653	0.949022306024852	0.0071549842347805
NODE_78_length_7569_cov_22.979239	7569	0.844091839021778	0.0223138491389765
NODE_79_length_7385_cov_7.284038	7385	0.0816273400531675	0.371452825612418
NODE_80_length_7320_cov_6.717963	7320	0.273352502000465	0.177055542081009
NODE_81_length_7205_cov_23.899860	7205	0.812322857007697	0.0265583313121513
NODE_82_length_6908_cov_6.991828	6908	0.403490587862724	0.119209313606597
NODE_83_length_6885_cov_11.552709	6885	0.789770765399289	0.0301964588891584
NODE_84_length_6767_cov_4.963647	6767	0.562977158266064	0.0739752607324764
NODE_85_length_6719_cov_47.924520	6719	0.962528922380203	0.00582100412321125
NODE_86_length_6568_cov_7.341932	6568	0.198582653677055	0.225563909774436
NODE_87_length_6068_cov_4.971395	6068	0.615995605421188	0.063424690759156
NODE_88_length_5930_cov_55.342638	5930	0.818585711170247	0.0257094348775164
NODE_89_length_5870_cov_10.705933	5870	0.826012483417166	0.0246179966044143
NODE_91_length_5659_cov_5.754818	5659	0.379514713786607	0.126849381518312
NODE_92_length_5652_cov_11.048776	5652	0.891284489685197	0.0147950521464953
NODE_93_length_5552_cov_3.759323	5552	0.784694214731207	0.0308028134853262
NODE_94_length_5532_cov_11.833485	5532	0.701417000083036	0.0455978656318215
NODE_95_length_5357_cov_11.865145	5357	0.872150710267141	0.0177055542081009
NODE_96_length_5157_cov_7.486868	5157	0.775390182304626	0.0326218772738297
NODE_97_length_5130_cov_9.266010	5130	0.221908824548891	0.205675479020131
NODE_98_length_5104_cov_7.255298	5104	0.867668820400748	0.0183119088042687
NODE_99_length_4940_cov_10.609826	4940	0.895472181823026	0.0139461557118603
NODE_100_length_4754_cov_74.789530	4754	0.619533088815493	0.0624545234052874
NODE_101_length_4743_cov_6.624573	4743	0.077166512536807	0.381760853747271
NODE_102_length_4719_cov_11.280232	4719	0.77217514189576	0.0328644191122969
NODE_103_length_4697_cov_12.165877	4697	0.980408974680378	0.00363812757700703
NODE_104_length_4586_cov_4.038623	4586	0.418038313501613	0.113752122241087
NODE_105_length_4584_cov_4.113049	4584	0.945111344525278	0.00776133883094834
NODE_106_length_4405_cov_11.260460	4405	0.937291262546798	0.00885277710405045
NODE_107_length_4301_cov_5.657325	4301	0.0865395208581712	0.360902255639098
NODE_108_length_4285_cov_3.574232	4285	0.294755876619781	0.164079553723017
NODE_109_length_4211_cov_3.749278	4211	0.124656997494778	0.299175357749212
NODE_110_length_4170_cov_6.958688	4170	0.11051851503451	0.318336162988115
NODE_111_length_4161_cov_8.263517	4161	0.494532326133259	0.0896192093136066
NODE_112_length_4146_cov_31.524322	4146	0.920893746548054	0.0110356536502547
NODE_113_length_4118_cov_45.273197	4118	0.904555518805277	0.0128547174387582
NODE_114_length_3988_cov_3.275108	3988	0.960560257352876	0.00630608780014553
NODE_115_length_3940_cov_7.733076	3940	0.756672719657069	0.0355323793354354
NODE_116_length_3909_cov_6.468864	3909	0.79520703549892	0.0289837496968227
NODE_117_length_3898_cov_5.597450	3898	0.317229940015831	0.154620422022799
NODE_118_length_3840_cov_8.448877	3840	0.901821586105416	0.0129759883579918
NODE_119_length_3834_cov_4.749669	3834	0.963614251740242	0.00569973320397769
NODE_120_length_3748_cov_3.145139	3748	0.628953278011724	0.0601503759398496
NODE_121_length_3701_cov_2.978607	3701	0.851867465089002	0.0209798690274072
NODE_122_length_3697_cov_8.086766	3697	0.342229821160363	0.141523162745574
NODE_123_length_3696_cov_5.636638	3696	0.898170341750157	0.0135823429541596
NODE_124_length_3611_cov_11.894544	3611	0.5011555245689	0.0870725200097017
NODE_125_length_3572_cov_3.801820	3572	0.435588565851528	0.107446034440941
NODE_126_length_3519_cov_3.346998	3519	0.702779578098442	0.0453553237933544
NODE_127_length_3518_cov_7.074791	3518	0.205813344192734	0.219742905651225
NODE_128_length_3490_cov_8.656186	3490	0.920855785434846	0.0110356536502547
NODE_129_length_3480_cov_14.221606	3480	0.988904449442444	0.00254668930390492
NODE_130_length_3475_cov_3.618713	3475	0.45380184611599	0.102231384913898
NODE_131_length_3447_cov_4.104953	3447	0.202021815664099	0.22265340771283
NODE_132_length_3428_cov_8.316929	3428	0.1746370469047	0.245694882367208
NODE_133_length_3422_cov_19.161568	3422	0.992759744338819	0.00194033470773708
NODE_134_length_3419_cov_5.606421	3419	0.595670745560876	0.0671840892553966
NODE_135_length_3417_cov_7.470256	3417	0.655755706423693	0.0544506427358719
NODE_136_length_3401_cov_12.999103	3401	0.61990275454825	0.0622119815668203
NODE_137_length_3375_cov_4.073795	3375	0.211123718508929	0.214892068881882
NODE_138_length_3349_cov_12.078021	3349	0.930295104945795	0.00970167353868542
NODE_139_length_3343_cov_10.542579	3343	0.139553263999055	0.280257094348775
NODE_140_length_3342_cov_10.927289	3342	0.962115692849976	0.00594227504244482
NODE_141_length_3334_cov_3.960049	3334	0.269923323209778	0.178389522192578
NODE_142_length_3178_cov_2.577009	3178	0.429140960361494	0.109750181906379
NODE_143_length_3129_cov_22.813923	3129	0.0205116359977821	0.610720349260247
NODE_145_length_3078_cov_23.779358	3078	0.741821878461777	0.037593984962406
NODE_146_length_3063_cov_7.393285	3063	0.660825054136407	0.0529953917050691
NODE_147_length_3043_cov_9.991633	3043	0.725660006590266	0.0411108416201795
NODE_148_length_3035_cov_12.727181	3035	0.577855121445902	0.0705796749939365
NODE_149_length_3000_cov_7.851613	3000	0.774506413079968	0.0326218772738297
NODE_150_length_2958_cov_4.544609	2958	0.462020223959734	0.17371547016383
NODE_151_length_2941_cov_3.156618	2941	0.659243704404047	0.0882130186949416
NODE_152_length_2934_cov_4.250087	2934	0.582583355827649	0.119105512815402
NODE_153_length_2926_cov_4.221177	2926	0.343490921195992	0.245386056523299
NODE_154_length_2922_cov_6.843739	2922	0.238024499917164	0.338502012994778
NODE_155_length_2919_cov_16.060056	2919	0.925913466026176	0.0108024076214773
NODE_156_length_2915_cov_26.097902	2915	0.880854834401095	0.0214453701120102
NODE_157_length_2895_cov_3.479577	2895	0.539088747497492	0.137202535177582
NODE_158_length_2894_cov_47.346601	2894	0.918099877304852	0.0129549168892255
NODE_159_length_2851_cov_4.887697	2851	0.243353076768705	0.332602543149839
NODE_160_length_2851_cov_3.414521	2851	0.379010155459494	0.221230119185235
NODE_161_length_2843_cov_3.774390	2843	0.941181652338832	0.00741419858891059
NODE_162_length_2833_cov_3.347012	2833	0.238265082567532	0.338103400167417
NODE_163_length_2803_cov_2.001820	2803	0.77525275068428	0.0511818870331247
NODE_164_length_2790_cov_6.274589	2790	0.984667213220114	0.000916809502929804
NODE_165_length_2790_cov_3.641316	2790	0.245059950361395	0.331008091840395
NODE_166_length_2788_cov_5.714599	2788	0.609992956407164	0.107585602104676
NODE_167_length_2768_cov_16.582381	2768	0.666806512745683	0.0859010642962491
NODE_168_length_2759_cov_3.096524	2759	0.118698356698906	0.504404671742337
NODE_169_length_2754_cov_6.476843	2754	0.328238602690063	0.256945828516762
NODE_170_length_2752_cov_6.423433	2752	0.530736051513986	0.141268386016662
NODE_171_length_2739_cov_5.033159	2739	0.57986270311071	0.120381073862957
NODE_172_length_2725_cov_4.012360	2725	0.713968501427056	0.0705146091601228
NODE_173_length_2705_cov_2.105283	2705	0.630469540176154	0.0988559811854745
NODE_174_length_2703_cov_4.226586	2703	0.0681725778922767	0.623749352254156
NODE_175_length_2703_cov_2.334970	2703	0.97681664446395	0.00183361900585961
NODE_176_length_2654_cov_5.914198	2654	0.497886088614671	0.156774425000997
NODE_177_length_2636_cov_7.119721	2636	0.238211492591102	0.33818312273289
NODE_178_length_2571_cov_5.685215	2571	0.647484741009166	0.0921991469685494
NODE_179_length_2547_cov_3.116774	2547	0.217200522831937	0.3596284928449
NODE_180_length_2545_cov_2.965462	2545	0.72692006924675	0.0670068162793479
NODE_181_length_2519_cov_3.205357	2519	0.602242109130094	0.110535337027146
NODE_182_length_2518_cov_3.484369	2518	0.707744933515092	0.0722685056005102
NODE_183_length_2501_cov_3.734669	2501	0.527494191937329	0.143181727587994
NODE_184_length_2495_cov_3.401639	2495	0.68966397075403	0.0775301949216726
NODE_185_length_2489_cov_3.427280	2489	0.256856917618772	0.318611232909475
NODE_186_length_2481_cov_8.933636	2481	0.756018947928936	0.057400247139953
NODE_187_length_2473_cov_14.666253	2473	0.426070482462114	0.193566388966397
NODE_188_length_2469_cov_4.175228	2469	0.642518902616547	0.0941922111053534
NODE_189_length_2454_cov_3.246769	2454	0.589445518696332	0.116115916610197
NODE_190_length_2432_cov_11.309634	2432	0.931567334490582	0.0098058755530753
NODE_191_length_2412_cov_3.143827	2412	0.767070892892428	0.0536134252800255
NODE_192_length_2408_cov_7.256269	2408	0.160735352084664	0.435643959022601
NODE_193_length_2396_cov_23.345152	2396	0.89754186771196	0.0174991031211384
NODE_194_length_2383_cov_2.216065	2383	0.868910602066613	0.0246741340136326
NODE_195_length_2378_cov_3.075334	2378	0.0839679843947981	0.579862079961733
NODE_196_length_2374_cov_12.694113	2374	0.728294925494907	0.0664886196037788
NODE_198_length_2346_cov_6.362287	2346	0.790560321966304	0.0465978395184757
NODE_199_length_2346_cov_2.831515	2346	0.713066702240492	0.0709132219874836
NODE_200_length_2326_cov_3.757376	2326	0.864413831386974	0.0259496950611871
NODE_201_length_2320_cov_4.587368	2320	0.586292051660665	0.117351616375015
NODE_202_length_2315_cov_5.176991	2315	0.416409073829935	0.198549049308407
NODE_203_length_2300_cov_6.037862	2300	0.920403019108938	0.0123171363654482
NODE_204_length_2287_cov_3.532706	2287	0.599991039421021	0.111691314226492
NODE_205_length_2285_cov_2.679372	2285	0.405268110760283	0.205006577111651
NODE_206_length_2265_cov_2.640724	2265	0.0975765904204646	0.54685693785626
NODE_207_length_2257_cov_3.868756	2257	0.200438690463592	0.38015705345398
NODE_208_length_2254_cov_3.052296	2254	0.778647487399766	0.0501056323992506
NODE_209_length_2242_cov_6.937814	2242	0.636783596555369	0.0959461075457408
NODE_211_length_2239_cov_3.168498	2239	0.368012686513954	0.228325427512257
NODE_212_length_2229_cov_2.780589	2229	0.0715852758007608	0.613624586439192
NODE_213_length_2208_cov_5.448212	2208	0.611928288166867	0.106947821580898
NODE_214_length_2202_cov_3.895203	2202	0.159295252214648	0.43779646829035
NODE_215_length_2192_cov_3.350491	2192	0.512116747463892	0.150277035915016
NODE_217_length_2187_cov_3.076923	2187	0.770036522989019	0.0528161996253039
NODE_218_length_2184_cov_25.491310	2184	0.413926391287766	0.200223223183322
NODE_219_length_2184_cov_3.006106	2184	0.457344601970133	0.176346314824411
NODE_220_length_2176_cov_4.213579	2176	0.740457074013544	0.0627815203093236
NODE_221_length_2154_cov_3.755121	2154	0.200749913175507	0.379678718061147
NODE_222_length_2151_cov_3.951336	2151	0.719936395827938	0.0689201578506796
NODE_223_length_2142_cov_12.625299	2142	0.0227204304868999	0.815880735042054
NODE_224_length_2141_cov_3.805369	2141	0.150421097413734	0.450233188504006
NODE_225_length_2129_cov_3.632112	2129	0.498836918443358	0.15653525730458
NODE_226_length_2124_cov_2.311261	2124	0.977978495221361	0.00171403515765137
NODE_227_length_2116_cov_8.158661	2116	0.2263210367681	0.349982062422769
NODE_228_length_2106_cov_13.985861	2106	0.0715288085239062	0.613903615418344
NODE_229_length_2099_cov_2.811155	2099	0.876587469260282	0.02236217961494
NODE_231_length_2087_cov_2.874508	2087	0.904904465196513	0.0155857615498067
NODE_232_length_2065_cov_4.825871	2065	0.623999043990947	0.101327380715111
NODE_233_length_2054_cov_4.444722	2054	0.6508417783244	0.0910830310519393
NODE_234_length_2031_cov_3.745445	2031	0.801055945335811	0.043209630485909
NODE_235_length_2005_cov_5.487692	2005	0.849012740735144	0.0298561007693228
NODE_237_length_1999_cov_3.292181	1999	0.974582554537906	0.00195320285406784
NODE_238_length_1984_cov_3.816485	1984	0.592979573072388	0.114521465300753
NODE_239_length_1981_cov_3.475597	1981	0.982759442783622	0.00103639335113804
NODE_241_length_1958_cov_3.850236	1958	0.867233786833071	0.0251126081237294
NODE_242_length_1947_cov_4.500529	1947	0.626490035596001	0.100171403515765
NODE_243_length_1943_cov_2.101165	1943	0.374763226530427	0.223223183322039
NODE_244_length_1939_cov_9.510616	1939	0.559586866821969	0.128831665803006
NODE_245_length_1938_cov_19.650027	1938	0.351098857300084	0.239765615657512
NODE_246_length_1936_cov_9.438065	1936	0.823149383926448	0.037110854227289
NODE_247_length_1933_cov_21.239617	1933	0.93536154232523	0.00884920476740941
NODE_248_length_1929_cov_7.491996	1929	0.469284945707903	0.169928648303902
NODE_249_length_1921_cov_3.140943	1921	0.870235714671891	0.0241559373380635
NODE_250_length_1918_cov_3.453570	1918	0.029115696705638	0.780922390082513
NODE_251_length_1918_cov_2.957059	1918	0.63461298956033	0.0969426396141428
NODE_252_length_1896_cov_5.451928	1896	0.921951828326434	0.0117989396898792
NODE_253_length_1894_cov_11.246873	1894	0.837823886465284	0.0334037549328337
NODE_254_length_1882_cov_7.778872	1882	0.370370846761735	0.226810698768286
NODE_255_length_1880_cov_4.402740	1880	0.460201128806414	0.174751863514968
NODE_256_length_1852_cov_3.906511	1852	0.853240427496529	0.0290987363973373
NODE_257_length_1841_cov_5.319709	1841	0.432587628388187	0.189500538127317
NODE_258_length_1840_cov_3.245938	1840	0.351483389248204	0.239566309243831
NODE_259_length_1829_cov_4.299324	1829	0.412013114575459	0.201100171403516
NODE_261_length_1826_cov_6.084133	1826	0.0380308615671545	0.736596643679994
NODE_262_length_1822_cov_2.733447	1822	0.76083673021518	0.0552477378722047
NODE_263_length_1821_cov_2.938279	1821	0.681448876996642	0.0800813170167816
NODE_264_length_1806_cov_2.478584	1806	0.516724576100671	0.148244110495476
NODE_265_length_1802_cov_2.514024	1802	0.5942553612305	0.114122852473393
NODE_266_length_1796_cov_3.368754	1796	0.063622394666721	0.638577749431977
NODE_267_length_1796_cov_3.015508	1796	0.361357436999263	0.233029058875115
NODE_268_length_1796_cov_2.111430	1796	0.221875340148875	0.354566109937418
NODE_269_length_1774_cov_13.515416	1774	0.874749105663508	0.0229600988559812
NODE_270_length_1767_cov_7.773949	1767	0.300288843048465	0.279308008131702
NODE_271_length_1762_cov_3.827182	1762	0.530474205369348	0.14138796986487
NODE_272_length_1745_cov_2.468639	1745	0.806443265918041	0.0419340694383545
NODE_273_length_1741_cov_63.963227	1741	0.853592759154726	0.028939291266393
NODE_274_length_1737_cov_11.338288	1737	0.740557517661075	0.0627017977438514
NODE_275_length_1721_cov_2.290516	1721	0.121941601259642	0.498385618049189
NODE_276_length_1720_cov_5.562162	1720	0.430432838150322	0.190696376609399
NODE_277_length_1707_cov_2.919492	1707	0.447243215569331	0.181727587993782
NODE_278_length_1703_cov_8.785194	1703	0.318341638014724	0.264957946346713
NODE_279_length_1697_cov_3.675396	1697	0.18401716559095	0.401921313827879
NODE_280_length_1697_cov_3.619976	1697	0.810704934189438	0.0408179535217443
NODE_282_length_1690_cov_2.713761	1690	0.992395895532265	0.000199306413680392
NODE_283_length_1685_cov_5.008589	1685	0.694492022078465	0.0757364371985491
NODE_284_length_1683_cov_4.294226	1683	0.810750849896469	0.0407780922390083
NODE_285_length_1660_cov_6.928349	1660	0.159685746304121	0.437238410332044
NODE_286_length_1659_cov_4.208229	1659	0.52203676550006	0.145692988400367
NODE_287_length_1655_cov_3.073750	1655	0.418815584537635	0.197233626978116
NODE_288_length_1643_cov_4.530856	1643	0.031223417138898	0.770119982461036
NODE_289_length_1639_cov_14.616162	1639	0.961203194293865	0.00414557340455216
NODE_290_length_1635_cov_3.743038	1635	0.458850398441168	0.175628811735162
NODE_291_length_1632_cov_4.381103	1632	0.899967714493737	0.0168613225973612
NODE_292_length_1627_cov_8.095420	1627	0.49894308313725	0.156415673456372
NODE_293_length_1627_cov_3.646310	1627	0.612235359840763	0.106788376449954
NODE_294_length_1606_cov_2.465506	1606	0.761995668087556	0.0550484314585243
NODE_295_length_1601_cov_47.373221	1601	0.41247055861656	0.200861003707099
NODE_298_length_1594_cov_2.335932	1594	0.962568080574165	0.00410571212181608
NODE_299_length_1587_cov_2.819843	1587	0.273867962701468	0.302666719815044
NODE_300_length_1583_cov_2.820026	1583	0.91792174112594	0.0129947781719616
NODE_301_length_1582_cov_2.048461	1582	0.536338333939485	0.138398373659664
NODE_302_length_1570_cov_20.085809	1570	0.341994910656059	0.246342727308965
NODE_303_length_1561_cov_6.920983	1561	0.785415821692028	0.0479531231315024
NODE_304_length_1552_cov_2.394122	1552	0.0201257751778545	0.831426635309124
NODE_305_length_1547_cov_3.850536	1547	0.00415688097488164	0.958982740064575
NODE_306_length_1547_cov_2.376676	1547	0.958987309158336	0.00442460238370471
NODE_307_length_1542_cov_3.975790	1542	0.763894909226005	0.0545302347829553
NODE_308_length_1538_cov_2.807148	1538	0.0357911501310409	0.747279467453263
NODE_309_length_1535_cov_5.469595	1535	0.600774057382261	0.111372423964603
NODE_310_length_1533_cov_2.152909	1533	0.786099641869453	0.0477139554350859
NODE_312_length_1528_cov_2.659878	1528	0.679922169989034	0.0807190975405589
NODE_313_length_1523_cov_11.922343	1523	0.900516453554494	0.0166620161836808
NODE_314_length_1523_cov_2.478202	1523	0.423409550992823	0.195041256427632
NODE_315_length_1520_cov_3.966553	1520	0.8997175901224	0.0169410451628333
NODE_316_length_1520_cov_2.663492	1520	0.439207873416122	0.185793438832862
NODE_317_length_1519_cov_3.588115	1519	0.987640829883515	0.000757364371985491
NODE_318_length_1518_cov_9.469583	1518	0.247351493487354	0.328576553593495
NODE_319_length_1511_cov_2.260989	1511	0.930477320246014	0.00996532068401961
NODE_320_length_1510_cov_3.762199	1510	0.0655136806716051	0.632160082911468
NODE_321_length_1495_cov_2.844444	1495	0.983850836767688	0.000996532068401961
NODE_322_length_1484_cov_6.647306	1484	0.286527850651497	0.291505560648942
NODE_323_length_1461_cov_3.206970	1461	0.23941875879551	0.336987284250807
NODE_325_length_1459_cov_2.977208	1459	0.628673800822765	0.0991748714473632
NODE_326_length_1458_cov_11.833927	1458	0.850752136002091	0.0294973492246981
NODE_327_length_1457_cov_2.634807	1457	0.906638861778353	0.0151074261569737
NODE_328_length_1450_cov_3.390681	1450	0.681468465507811	0.0800813170167816
NODE_329_length_1439_cov_3.233382	1439	0.120034588598964	0.501733965799019
NODE_330_length_1436_cov_8.466329	1436	0.632308336377148	0.0978195878343365
NODE_331_length_1434_cov_7.881798	1434	0.956565639489829	0.00490293777653765
NODE_332_length_1431_cov_2.796512	1431	0.935480728270076	0.00884920476740941
NODE_333_length_1419_cov_4.908358	1419	0.844696404473999	0.031490413361502
NODE_334_length_1418_cov_3.286867	1418	0.960363844852334	0.00426515725276039
NODE_335_length_1418_cov_2.976522	1418	0.778151649040542	0.0503846613784032
NODE_336_length_1418_cov_2.688921	1418	0.816888615058741	0.0389843345158847
NODE_337_length_1415_cov_16.505147	1415	0.598193295022468	0.112368956033005
NODE_338_length_1411_cov_2.088496	1411	0.0465601195135886	0.699685095866385
NODE_339_length_1409_cov_2.361891	1409	0.318107334709874	0.265117391477658
NODE_340_length_1407_cov_4.542160	1407	0.294266154124548	0.284330529756448
NODE_341_length_1407_cov_3.135355	1407	0.363687043742007	0.23155419141388
NODE_342_length_1401_cov_2.904903	1401	0.370725667085975	0.22657153107187
NODE_343_length_1394_cov_3.878267	1394	0.236759611251298	0.33949854506318
NODE_344_length_1388_cov_9.570893	1388	0.787351610024154	0.0474349264559333
NODE_345_length_1381_cov_19.577677	1381	0.336907803822954	0.250528161996253
NODE_346_length_1368_cov_2.463823	1368	0.865436209924666	0.0256706660820345
NODE_349_length_1354_cov_2.240185	1354	0.265655844926749	0.31083828277594
NODE_350_length_1350_cov_3.528958	1350	0.173826867194526	0.415952485350979
NODE_351_length_1348_cov_3.603248	1348	0.769012894444154	0.0530952286044565
NODE_352_length_1340_cov_2.115175	1340	0.962800096182796	0.00406585083908
NODE_353_length_1338_cov_4.163679	1338	0.0453630839538647	0.704149559532826
NODE_354_length_1338_cov_2.876851	1338	0.273575741381837	0.302866026228724
NODE_355_length_1334_cov_7.766224	1334	0.999743749615438	3.98612827360784e-05
NODE_356_length_1331_cov_2.028997	1331	0.816109332577596	0.039103918364093
NODE_357_length_1329_cov_2.317896	1329	0.975419721923745	0.00195320285406784
NODE_358_length_1327_cov_6.259434	1327	0.221609090062029	0.354924861482042
NODE_359_length_1326_cov_2.962234	1326	0.541608560946498	0.135966835412764
NODE_360_length_1324_cov_4.159180	1324	0.383614011998323	0.218200661697293
NODE_361_length_1324_cov_2.124507	1324	0.595502296288196	0.113485071949615
NODE_362_length_1322_cov_2.133386	1322	0.746817036813171	0.0603499820624228
NODE_363_length_1318_cov_8.067300	1318	0.135647620036468	0.473193287359987
NODE_364_length_1317_cov_2.603803	1317	0.248209589268959	0.327659744090565
NODE_365_length_1315_cov_2.742063	1315	0.815113893945716	0.0394228086259816
NODE_366_length_1314_cov_2.856235	1314	0.184632666587578	0.400884920476741
NODE_367_length_1313_cov_2.348172	1313	0.898821217683219	0.0171004902937777
NODE_368_length_1307_cov_3.174920	1307	0.789399178449747	0.0467174233666839
NODE_369_length_1306_cov_2.552358	1306	0.442965138896048	0.183840235978794
NODE_370_length_1304_cov_8.248199	1304	0.492625866741811	0.159405269661578
NODE_371_length_1299_cov_2.824759	1299	0.110883373977999	0.518595288396381
NODE_372_length_1297_cov_3.289855	1297	0.546613963102042	0.134013632558696
NODE_373_length_1296_cov_4.179694	1296	0.226974637528343	0.349224698050783
NODE_374_length_1293_cov_4.480614	1293	0.468025894203391	0.17056642882768
NODE_375_length_1288_cov_4.004055	1288	0.130033757859212	0.483158608044007
NODE_376_length_1286_cov_3.393176	1286	0.705537152874123	0.0730258699724957
NODE_377_length_1286_cov_3.220146	1286	0.159583567887691	0.437357994180253
NODE_378_length_1286_cov_2.755483	1286	0.871199999732425	0.0239566309243831
NODE_379_length_1285_cov_2.123577	1285	0.624362228646439	0.101167935584167
NODE_380_length_1281_cov_2.503263	1281	0.803969431026508	0.0425319886793957
NODE_381_length_1275_cov_3.166393	1275	0.603797987482281	0.109738111372424
NODE_382_length_1273_cov_58.503284	1273	0.740573718804081	0.0627017977438514
NODE_385_length_1267_cov_3.526403	1267	0.434243966860041	0.188384422210707
NODE_387_length_1262_cov_3.921292	1262	0.163872858214792	0.430940327659744
NODE_389_length_1260_cov_2.195021	1260	0.836497194478771	0.0336827839119863
NODE_390_length_1259_cov_6.050664	1259	0.956781324383947	0.00482321521106549
NODE_391_length_1259_cov_4.812292	1259	0.990790197451542	0.000438474110096863
NODE_392_length_1257_cov_2.304493	1257	0.872970293602469	0.0234782955315502
NODE_393_length_1256_cov_3.895920	1256	0.492861461405664	0.159285685813369
NODE_394_length_1253_cov_2.842237	1253	0.013175289181691	0.879579064854307
NODE_396_length_1251_cov_6.467391	1251	0.420430604736016	0.196595846454339
NODE_397_length_1246_cov_3.381192	1246	0.109530341988508	0.521226133056962
NODE_398_length_1245_cov_6.099160	1245	0.897295980015409	0.0175788256866106
NODE_399_length_1241_cov_3.075042	1241	0.971254741913472	0.00247139952963686
NODE_400_length_1239_cov_2.602196	1239	0.905590346015106	0.0154661777015984
NODE_402_length_1229_cov_2.644804	1229	0.796720453883978	0.0443656076852553
NODE_403_length_1228_cov_2.634271	1228	0.381945591214868	0.219396500179376
NODE_404_length_1224_cov_3.066724	1224	0.513214708095495	0.149718977956711
NODE_406_length_1219_cov_2.731959	1219	0.57688247971597	0.12177621875872
NODE_408_length_1217_cov_5.117900	1217	0.124291294346577	0.494399489775581
NODE_409_length_1215_cov_2.757759	1215	0.756793727115534	0.0570414955953283
NODE_411_length_1211_cov_3.942042	1211	0.316397435753677	0.266432813807948
NODE_412_length_1207_cov_2.715278	1207	0.0136582119749141	0.875752381711643
NODE_413_length_1200_cov_2.166812	1200	0.146452833109032	0.456331964762626
NODE_414_length_1197_cov_3.463222	1197	0.634302143488715	0.097062223462351
NODE_416_length_1192_cov_4.888303	1192	0.208132889181027	0.370590345597321
NODE_417_length_1184_cov_2.210806	1184	0.556643737918897	0.130545700960657
NODE_418_length_1182_cov_2.407276	1182	0.946020375512513	0.00661697293418902
NODE_419_length_1179_cov_3.643238	1179	0.25654169442409	0.319249013433252
NODE_421_length_1170_cov_4.205381	1170	0.68759196062604	0.0782875592936581
NODE_422_length_1166_cov_5.311431	1166	0.138374723155823	0.468808546259019
NODE_423_length_1165_cov_2.595495	1165	0.463331376873468	0.172958105791844
NODE_424_length_1163_cov_2.261733	1163	0.365630224994917	0.229959740104437
NODE_425_length_1162_cov_11.938573	1162	0.610891294556151	0.107266711842787
NODE_426_length_1162_cov_7.773261	1162	0.358552399273535	0.234743094032766
NODE_428_length_1152_cov_2.498633	1152	0.0401535805392046	0.726272571451349
NODE_430_length_1147_cov_3.442308	1147	0.717640480886985	0.0694782158089847
NODE_433_length_1144_cov_2.785124	1144	0.916505074510608	0.013194084585642
NODE_435_length_1141_cov_2.525783	1141	0.217521354233027	0.359030573603859
NODE_436_length_1140_cov_2.016590	1140	0.513255267164349	0.149679116673975
NODE_437_length_1136_cov_15.830712	1136	0.724812223578884	0.0676047355203891
NODE_438_length_1136_cov_2.011101	1136	0.805388148530691	0.0422529597002432
NODE_439_length_1135_cov_3.588889	1135	0.284360198025072	0.293379040937537
NODE_441_length_1130_cov_2.014884	1130	0.35271149772086	0.238689361023638
NODE_443_length_1128_cov_2.868593	1128	0.767329804083771	0.0536134252800255
NODE_445_length_1127_cov_2.438433	1127	0.939924239578998	0.00781281141627138
NODE_446_length_1123_cov_14.939139	1123	0.880314116155983	0.0216048152429545
NODE_447_length_1123_cov_2.576779	1123	0.893265790175859	0.0184956351895404
NODE_449_length_1117_cov_2.849341	1117	0.146198258915885	0.456730577589987
NODE_450_length_1109_cov_3.701139	1109	0.701422879223249	0.0738629569099534
NODE_452_length_1097_cov_2.415547	1097	0.625850066867364	0.100490293777654
NODE_454_length_1096_cov_3.538905	1096	0.575769483796522	0.122095109020608
NODE_456_length_1094_cov_5.718961	1094	0.916382714005066	0.013194084585642
NODE_457_length_1093_cov_5.492293	1093	0.782646691448384	0.0488300713516961
NODE_458_length_1090_cov_13.150725	1090	0.608855826562058	0.108183521345717
NODE_459_length_1088_cov_2.659245	1088	0.750978938568529	0.0589946984493961
NODE_461_length_1077_cov_2.832681	1077	0.526883807744287	0.143540479132618
NODE_462_length_1072_cov_3.762045	1072	0.311769814593903	0.269900745405987
NODE_464_length_1066_cov_2.150346	1066	0.82812570723914	0.0357157093315263
NODE_465_length_1065_cov_19.698020	1065	0.0328097921175873	0.762267309762028
NODE_466_length_1063_cov_3.620040	1063	0.296814630228063	0.282417188185116
NODE_467_length_1061_cov_2.544732	1061	0.525125303547344	0.144497149918284
NODE_469_length_1053_cov_11.507014	1053	0.32998350424357	0.255391238490055
NODE_470_length_1052_cov_3.099298	1052	0.797123667662463	0.0443257464025192
NODE_471_length_1051_cov_6.322289	1051	0.94380780834085	0.00701558576154981
NODE_473_length_1048_cov_10.793555	1048	0.936503412449599	0.0086897596364651
NODE_474_length_1047_cov_3.848790	1047	0.990350649723335	0.000597919241041177
NODE_476_length_1043_cov_3.045547	1043	0.96615414100635	0.00334834774983059
NODE_477_length_1043_cov_2.675101	1043	0.298890369742106	0.28054370789652
NODE_478_length_1042_cov_3.126646	1042	0.0543513932366731	0.670426914338103
NODE_479_length_1039_cov_2.867886	1039	0.298545259790022	0.280822736875673
NODE_481_length_1031_cov_2.011270	1031	0.184695563886451	0.400805197911269
NODE_482_length_1029_cov_3.020534	1029	0.713299481564041	0.0709132219874836
NODE_483_length_1028_cov_4.587873	1028	0.952797027038905	0.00558057958305098
NODE_484_length_1027_cov_2.834362	1027	0.0611705604921249	0.646948618806553
NODE_486_length_1025_cov_3.424742	1025	0.879257369469475	0.0218838442221071
NODE_487_length_1020_cov_2.130570	1020	0.799144080071384	0.0435285207477977
NODE_488_length_1018_cov_2.309450	1018	0.620322060215732	0.103280583569179
NODE_489_length_1013_cov_4.263048	1013	0.743656219575961	0.061505959261769
NODE_490_length_1011_cov_2.080544	1011	0.0429663801124879	0.713795989954957
NODE_494_length_1008_cov_5.437566	1008	0.473899974617358	0.167776139036154
NODE_495_length_1006_cov_2.733964	1006	0.743607254284339	0.061505959261769
NODE_496_length_1006_cov_2.173502	1006	0.493439630224259	0.159046518116953
NODE_497_length_1005_cov_2.523158	1005	0.7771571385617	0.0506636903575557
NODE_498_length_1004_cov_2.265543	1004	0.0832025032719314	0.581655837684857
NODE_499_length_1002_cov_2.273495	1002	0.917955924084681	0.0129947781719616
NODE_1_length_102777_cov_359.810664	102777	0.93458301858233	0.00933786078098472
NODE_2_length_71084_cov_23.050430	71084	0.960483318646857	0.00642735871937909
NODE_3_length_61392_cov_40.446500	61392	0.778646876476161	0.032258064516129
NODE_4_length_58582_cov_141.350402	58582	0.893791034202153	0.0140674266310939
NODE_5_length_43800_cov_34.397234	43800	0.459698883478809	0.100776133883095
NODE_6_length_43260_cov_61.280893	43260	0.851379506930684	0.0209798690274072
NODE_7_length_42561_cov_31.186891	42561	0.910255984602496	0.0124909046810575
NODE_8_length_36191_cov_57.893264	36191	0.916222970416116	0.0117632791656561
NODE_9_length_35656_cov_42.110503	35656	0.563146468759792	0.0738539898132428
NODE_11_length_29655_cov_31.194155	29655	0.982169014330024	0.0033955857385399
NODE_12_length_29613_cov_70.897118	29613	0.28071267161163	0.173538685423236
NODE_13_length_28963_cov_9.025979	28963	0.237924919507935	0.195367450885278
NODE_14_length_28489_cov_14.290497	28489	0.985881569669918	0.00278923114237206
NODE_16_length_25282_cov_63.923851	25282	0.759821957336687	0.0351685665777347
NODE_17_length_24003_cov_7.179013	24003	0.845239577433174	0.0220713073005093
NODE_18_length_20862_cov_30.546018	20862	0.990850224754475	0.00206160562697065
NODE_19_length_20505_cov_9.766406	20505	0.965725066206903	0.00557846228474412
NODE_20_length_20331_cov_19.972529	20331	0.962956689570266	0.00569973320397769
NODE_21_length_18979_cov_18.849662	18979	0.957071180309445	0.00654862963861266
NODE_22_length_18565_cov_55.667153	18565	0.631213305994973	0.0596652922629154
NODE_23_length_17576_cov_20.687232	17576	0.981153861472901	0.00351685665777347
NODE_24_length_17123_cov_9.349484	17123	0.990882885726407	0.00206160562697065
NODE_25_length_17107_cov_37.234225	17107	0.200237609627154	0.223866116905166
NODE_26_length_16679_cov_48.692794	16679	0.635778054590259	0.0586951249090468
NODE_28_length_15803_cov_18.465456	15803	0.957661198449166	0.00654862963861266
NODE_29_length_15324_cov_26.009627	15324	0.975474571670015	0.00400194033470774
NODE_30_length_12983_cov_44.839728	12983	0.7550109822329	0.0360174630123696
NODE_31_length_12320_cov_11.074195	12320	0.98162662928024	0.0033955857385399
NODE_32_length_11027_cov_14.105724	11027	0.281295043359524	0.173417414504002
NODE_33_length_10791_cov_17.953614	10791	0.981381423754416	0.0033955857385399
NODE_34_length_10625_cov_9.636045	10625	0.281092035327532	0.173417414504002
NODE_35_length_9829_cov_6.842848	9829	0.537501250716517	0.079674993936454
NODE_36_length_9099_cov_22.110128	9099	0.95252784392555	0.0067911714770798
NODE_37_length_8908_cov_31.610640	8908	0.950942396199803	0.0071549842347805
NODE_38_length_8530_cov_6.222655	8530	0.887633795867481	0.0149163230657288
NODE_39_length_8302_cov_12.239360	8302	0.984589900543332	0.00315304390007276
NODE_40_length_8256_cov_29.344226	8256	0.908376528296883	0.0126121756002911
NODE_41_length_8170_cov_33.700185	8170	0.875274475081213	0.0170991996119331
NODE_42_length_7993_cov_6.053288	7993	0.890782583873547	0.0147950521464953
NODE_43_length_7863_cov_10.450435	7863	0.931881237425048	0.00945913170021829
NODE_44_length_7272_cov_17.975475	7272	0.915742480302514	0.0117632791656561
NODE_45_length_7096_cov_6.566255	7096	0.993608570797595	0.00157652195003638
NODE_46_length_6961_cov_7.077903	6961	0.983026435643375	0.0033955857385399
NODE_47_length_6472_cov_4.650148	6472	0.42338686723739	0.111569245694882
NODE_48_length_6422_cov_5.603110	6422	0.990783423349907	0.00206160562697065
NODE_49_length_6332_cov_7.215708	6332	0.834295200553782	0.0237691001697793
NODE_50_length_6245_cov_6.680614	6245	0.561022216754745	0.0745816153286442
NODE_51_length_6178_cov_9.287767	6178	0.88915885967783	0.0147950521464953
NODE_52_length_6136_cov_25.033054	6136	0.259325624506251	0.184210526315789
NODE_53_length_6104_cov_6.342371	6104	0.870647863968675	0.0178268251273345
NODE_54_length_6092_cov_7.011264	6092	0.769213875400823	0.0334707737084647
NODE_55_length_5960_cov_20.092803	5960	0.549048781144509	0.0771283046325491
NODE_56_length_5754_cov_24.117564	5754	0.974481937615142	0.00424448217317487
NODE_57_length_5717_cov_9.975097	5717	0.896033347950741	0.0138248847926267
NODE_58_length_5677_cov_12.369619	5677	0.975089238044847	0.00400194033470774
NODE_59_length_5575_cov_7.386413	5575	0.961260714268228	0.00618481688091196
NODE_60_length_5446_cov_9.730106	5446	0.930847402033138	0.00970167353868542
NODE_61_length_5381_cov_5.921893	5381	0.719798252945578	0.0422022798932816
NODE_62_length_5234_cov_11.262985	5234	0.9954338207281	0.00133398011156925
NODE_63_length_5137_cov_11.834317	5137	0.854848136474718	0.0207373271889401
NODE_64_length_5111_cov_10.572191	5111	0.0821727856077272	0.370603929177783
NODE_65_length_5095_cov_5.860516	5095	0.91979920457386	0.0111569245694882
NODE_66_length_5073_cov_9.411718	5073	0.989093280449186	0.00242541838467136
NODE_67_length_5067_cov_5.099561	5067	0.556784419448705	0.0754305117632792
NODE_68_length_4956_cov_73.009794	4956	0.452650748645311	0.102837739510065
NODE_69_length_4682_cov_7.329587	4682	0.943805193256805	0.00788260975018191
NODE_70_length_4469_cov_6.568872	4469	0.814301112687604	0.0261945185544506
NODE_71_length_4438_cov_6.174082	4438	0.963541976860523	0.00569973320397769
NODE_72_length_4403_cov_11.058648	4403	0.919224978735713	0.0111569245694882
NODE_73_length_4395_cov_9.724194	4395	0.999068027028415	0.000121270919233568
NODE_74_length_4350_cov_15.709197	4350	0.819318575520425	0.0253456221198157
NODE_75_length_4308_cov_54.014813	4308	0.284313846098223	0.17062818336163
NODE_76_length_4117_cov_9.164205	4117	0.923797088022423	0.0104292990540868
NODE_77_length_4054_cov_9.466117	4054	0.901213565177862	0.0130972592772253
NODE_78_length_4015_cov_14.328788	4015	0.986275819393654	0.00278923114237206
NODE_79_length_3902_cov_3.323369	3902	0.784154247273484	0.0308028134853262
NODE_80_length_3859_cov_16.621188	3859	0.977529689984421	0.0037593984962406
NODE_81_length_3850_cov_6.986298	3850	0.966099970171064	0.00545719136551055
NODE_82_length_3833_cov_12.836157	3833	0.885687385695257	0.0152801358234295
NODE_83_length_3792_cov_3.687182	3792	0.991195177924414	0.00206160562697065
NODE_84_length_3785_cov_6.289276	3785	0.997388955309796	0.000606354596167839
NODE_85_length_3689_cov_9.967529	3689	0.993353508449263	0.00157652195003638
NODE_86_length_3673_cov_5.047264	3673	0.265848662415333	0.180693669658016
NODE_87_length_3666_cov_6.549155	3666	0.978536999751765	0.0037593984962406
NODE_88_length_3658_cov_70.376631	3658	0.668229392634144	0.0516614115934999
NODE_89_length_3655_cov_6.860278	3655	0.928869237693503	0.0101867572156197
NODE_90_length_3633_cov_46.041364	3633	0.712448852027403	0.043778801843318
NODE_91_length_3624_cov_9.405996	3624	0.585712279787463	0.0691244239631336
NODE_92_length_3522_cov_14.523219	3522	0.997649114626816	0.000485083676934271
NODE_93_length_3448_cov_5.202476	3448	0.786631950148219	0.0306815425660927
NODE_94_length_3430_cov_9.017185	3430	0.944490322202038	0.00788260975018191
NODE_95_length_3409_cov_7.675611	3409	0.974708005361937	0.00424448217317487
NODE_96_length_3338_cov_9.159306	3338	0.987589401962579	0.00278923114237206
NODE_97_length_3326_cov_6.410884	3326	0.293819275269598	0.164564637399952
NODE_98_length_3319_cov_4.813419	3319	0.948702110131477	0.00727625515401407
NODE_99_length_3299_cov_19.602651	3299	0.508830284517294	0.085010914382731
NODE_100_length_3294_cov_6.315221	3294	0.265987782485085	0.180572398738782
NODE_101_length_3291_cov_7.610012	3291	0.883674749463919	0.0157652195003638
NODE_102_length_3265_cov_13.523053	3265	0.819203472999264	0.0255881639582828
NODE_103_length_3238_cov_5.625825	3238	0.139297795688561	0.280742178025709
NODE_104_length_3164_cov_6.282728	3164	0.986398586744791	0.00278923114237206
NODE_105_length_3137_cov_4.071707	3137	0.0587502986730739	0.423720591802086
NODE_106_length_3054_cov_4.945982	3054	0.999548455064812	0
NODE_107_length_3039_cov_4.478887	3039	0.121205177716047	0.303056027164686
NODE_108_length_2984_cov_16.199385	2984	0.980235507063925	0.00119583848208235
NODE_109_length_2970_cov_4.313208	2970	0.72540862773316	0.0675250129549169
NODE_110_length_2929_cov_7.267223	2929	0.939781887468192	0.00785267269900745
NODE_111_length_2927_cov_5.613858	2927	0.812331097949467	0.0402598955634392
NODE_112_length_2884_cov_9.238247	2884	0.166381482028173	0.426794754255192
NODE_113_length_2815_cov_9.725362	2815	0.969089727317968	0.00267070594331726
NODE_114_length_2793_cov_6.096421	2793	0.757079484880661	0.05692191174712
NODE_115_length_2783_cov_14.576246	2783	0.816103238370139	0.039103918364093
NODE_116_length_2764_cov_19.260244	2764	0.579259404601952	0.120779686690318
NODE_117_length_2739_cov_4.888972	2739	0.845396726754006	0.0313309682305577
NODE_118_length_2735_cov_6.125746	2735	0.930268685733476	0.0100051819667557
NODE_119_length_2733_cov_2.796863	2733	0.318234840448216	0.265037668912186
NODE_120_length_2722_cov_7.615298	2722	0.951873889063119	0.00570016343125922
NODE_121_length_2719_cov_7.209084	2719	0.621515226726824	0.10276238689361
NODE_122_length_2707_cov_4.929864	2707	0.878362653271384	0.0220831506357875
NODE_123_length_2704_cov_4.093620	2704	0.783441641967171	0.0485909036552796
NODE_124_length_2697_cov_5.461393	2697	0.863835313976548	0.0261091401921314
NODE_125_length_2697_cov_4.894398	2697	0.912157984585791	0.01423047793678
NODE_126_length_2692_cov_4.215776	2692	0.406420173733568	0.204129628891458
NODE_127_length_2681_cov_13.006093	2681	0.983451216972843	0.000996532068401961
NODE_128_length_2633_cov_5.218774	2633	0.83962919585838	0.0329254195400008
NODE_129_length_2622_cov_6.396182	2622	0.686030521640443	0.0786463108382828
NODE_130_length_2591_cov_7.613565	2591	0.89779935509101	0.0173795192729302
NODE_131_length_2578_cov_11.674197	2578	0.660160643031821	0.0879339897157891
NODE_132_length_2571_cov_8.138712	2571	0.810212974852336	0.0408976760872165
NODE_133_length_2565_cov_7.039044	2565	0.94735727501454	0.00645752780324471
NODE_134_length_2536_cov_10.562273	2536	0.938921357172337	0.00797225654721569
NODE_135_length_2533_cov_40.304681	2533	0.717841388352988	0.0694782158089847
NODE_136_length_2527_cov_5.388350	2527	0.740782179594734	0.0625423526129071
NODE_137_length_2522_cov_5.841508	2522	0.946299394190571	0.00661697293418902
NODE_138_length_2503_cov_8.106209	2503	0.929752205944647	0.0100849045322278
NODE_139_length_2499_cov_17.297463	2499	0.872528787509258	0.0235580180970224
NODE_140_length_2496_cov_24.686194	2496	0.764461034885894	0.0544106509347471
NODE_141_length_2490_cov_33.745791	2490	0.298391231569666	0.280982182006617
NODE_142_length_2489_cov_8.644618	2489	0.746080099387826	0.0605094271933671
NODE_143_length_2442_cov_11.668622	2442	0.352094202074496	0.239008251285526
NODE_144_length_2440_cov_3.709853	2440	0.469174548112384	0.170008370869375
NODE_145_length_2439_cov_5.669883	2439	0.97732207900042	0.00175389644038745
NODE_147_length_2337_cov_5.458808	2337	0.910255289129096	0.0143899230677243
NODE_148_length_2332_cov_4.168204	2332	0.0842976960758705	0.579104715589748
NODE_149_length_2325_cov_4.424229	2325	0.492324221770309	0.15948499222705
NODE_150_length_2288_cov_2.198836	2288	0.797371751862623	0.0442460238370471
NODE_151_length_2283_cov_7.953321	2283	0.879725297405309	0.0217642603738988
NODE_152_length_2282_cov_3.064212	2282	0.963288995844788	0.00386654442539961
NODE_153_length_2269_cov_5.294038	2269	0.139431042124094	0.466895204687687
NODE_154_length_2264_cov_7.118153	2264	0.927872556724567	0.0104835173595886
NODE_155_length_2251_cov_5.704007	2251	0.91999182087344	0.0123569976481843
NODE_156_length_2234_cov_4.782928	2234	0.55475866047231	0.130984175070754
NODE_157_length_2224_cov_14.804057	2224	0.97641214427994	0.00183361900585961
NODE_158_length_2187_cov_2.734522	2187	0.91664044365083	0.0131542233029059
NODE_159_length_2180_cov_7.482353	2180	0.779426158052169	0.0499063259855702
NODE_160_length_2151_cov_9.664599	2151	0.735770206935996	0.0644158329015028
NODE_161_length_2129_cov_11.242044	2129	0.048940689838353	0.689759636465101
NODE_162_length_2117_cov_5.448109	2117	0.990780764208168	0.000478335392832941
NODE_163_length_2095_cov_4.270098	2095	0.640855157943378	0.0945908239327142
NODE_164_length_2085_cov_6.016256	2085	0.971270988201539	0.00247139952963686
NODE_165_length_2065_cov_13.912438	2065	0.795316324665994	0.0450033882090326
NODE_166_length_2064_cov_10.384769	2064	0.661224819758797	0.0876948220193726
NODE_167_length_2063_cov_3.726096	2063	0.614581270510801	0.105831705664288
NODE_168_length_2053_cov_9.041041	2053	0.951850480579383	0.00570016343125922
NODE_169_length_2036_cov_5.653205	2036	0.961775015682247	0.00410571212181608
NODE_170_length_2021_cov_2.641913	2021	0.385016028811244	0.217004823215211
NODE_171_length_2010_cov_4.431202	2010	0.885634413101076	0.0202096703471918
NODE_172_length_2002_cov_11.265023	2002	0.917516094833794	0.0130745007374337
NODE_173_length_2000_cov_3.725964	2000	0.485356962625313	0.162355004584048
NODE_174_length_1991_cov_4.647211	1991	0.933699374546157	0.00932754016024236
NODE_175_length_1987_cov_5.590580	1987	0.836439872321647	0.0338023677601945
NODE_176_length_1978_cov_4.982319	1978	0.148261664687027	0.453701120102045
NODE_177_length_1977_cov_10.814776	1977	0.888957276480857	0.0194523059752063
NODE_178_length_1968_cov_5.602196	1968	0.53936715909632	0.137082951329374
NODE_179_length_1956_cov_24.990005	1956	0.117547212453663	0.506038984334516
NODE_180_length_1944_cov_3.190577	1944	0.74714526428847	0.0602303982142145
NODE_181_length_1935_cov_2.876596	1935	0.569816062794734	0.124725953681189
NODE_182_length_1922_cov_7.255490	1922	0.978560121302515	0.00151472874397098
NODE_183_length_1922_cov_3.780396	1922	0.962771348857965	0.00406585083908
NODE_184_length_1910_cov_3.061995	1910	0.447928302300393	0.181209391318213
NODE_185_length_1906_cov_5.385197	1906	0.421678919132338	0.196117511061506
NODE_186_length_1904_cov_4.657112	1904	0.379334922992552	0.220951090206083
NODE_187_length_1896_cov_4.322108	1896	0.713367020126479	0.0709132219874836
NODE_188_length_1886_cov_4.583834	1886	0.521943000407048	0.145732849683103
NODE_189_length_1866_cov_3.836554	1866	0.834622953370721	0.0342807031530275
NODE_190_length_1865_cov_3.153039	1865	0.873289951346794	0.0233188504006059
NODE_191_length_1863_cov_7.429757	1863	0.84019465998477	0.0327659744090565
NODE_192_length_1858_cov_4.195230	1858	0.581684718242157	0.119424403077291
NODE_193_length_1853_cov_3.715795	1853	0.475439462638432	0.166978913381433
NODE_194_length_1845_cov_3.979330	1845	0.932653655947574	0.00952684657392275
NODE_195_length_1837_cov_3.297419	1837	0.80359505924352	0.0426117112448679
NODE_196_length_1819_cov_2.983560	1819	0.162528341426305	0.432694224100132
NODE_197_length_1810_cov_5.833048	1810	0.613178493717683	0.106429624905329
NODE_198_length_1793_cov_7.069045	1793	0.980270939829832	0.00119583848208235
NODE_199_length_1790_cov_4.338329	1790	0.161010143140418	0.435165623629768
NODE_200_length_1785_cov_13.977457	1785	0.983329454869519	0.000996532068401961
NODE_201_length_1781_cov_5.435689	1781	0.992993316094566	0.000159445130944314
NODE_202_length_1776_cov_12.122603	1776	0.816758942820165	0.0389843345158847
NODE_203_length_1769_cov_5.011669	1769	0.919664928518067	0.0124367202136565
NODE_204_length_1765_cov_10.050292	1765	0.697224226113865	0.0746601825646749
NODE_205_length_1765_cov_4.623977	1765	0.912438742801312	0.0141906166540439
NODE_206_length_1760_cov_3.435777	1760	0.76810565242879	0.053374257583609
NODE_207_length_1759_cov_11.289319	1759	0.74084561439718	0.0625423526129071
NODE_208_length_1757_cov_5.226792	1757	0.811559009889942	0.0405787858253279
NODE_209_length_1744_cov_5.727057	1744	0.973524640999375	0.00215250926774824
NODE_210_length_1738_cov_5.001188	1738	0.724731641716902	0.0676844580858612
NODE_211_length_1731_cov_4.713007	1731	0.94325652121046	0.00713516960975804
NODE_212_length_1725_cov_11.571856	1725	0.865325123434506	0.0257105273647706
NODE_213_length_1717_cov_4.639591	1717	0.950844548631839	0.00589946984493961
NODE_214_length_1707_cov_9.146489	1707	0.535939135518525	0.138557818790609
NODE_215_length_1702_cov_3.145112	1702	0.449217458196866	0.180651333359908
NODE_216_length_1697_cov_5.500609	1697	0.699077546179544	0.0742615697373142
NODE_217_length_1696_cov_3.307130	1696	0.861722416144203	0.0268266432813808
NODE_218_length_1653_cov_3.164581	1653	0.232543290160567	0.343245505640371
NODE_219_length_1652_cov_9.525986	1652	0.0868049621290815	0.572607326503767
NODE_221_length_1641_cov_5.105927	1641	0.657529977930835	0.0887710766532467
NODE_222_length_1627_cov_11.267812	1627	0.971306939470142	0.00247139952963686
NODE_223_length_1620_cov_2.927157	1620	0.924015572980973	0.0112807430143102
NODE_224_length_1606_cov_2.833656	1606	0.0578707770422477	0.657471997448878
NODE_225_length_1600_cov_12.625890	1600	0.352496710023624	0.238888667437318
NODE_226_length_1597_cov_3.733463	1597	0.514411039091183	0.149360226412086
NODE_227_length_1597_cov_3.359274	1597	0.834180017952568	0.0344401482839718
NODE_228_length_1594_cov_2.890188	1594	0.775331940265223	0.0511818870331247
NODE_229_length_1591_cov_44.723307	1591	0.627095593791973	0.0998525132538765
NODE_230_length_1585_cov_8.080392	1585	0.408947775419053	0.202575038864751
NODE_231_length_1577_cov_4.852825	1577	0.677661155193074	0.0817156296089608
NODE_232_length_1572_cov_8.088332	1572	0.942364995388236	0.00725475345796628
NODE_233_length_1561_cov_2.057105	1561	0.274449876009413	0.301949216725794
NODE_234_length_1558_cov_3.236194	1558	0.840190862311678	0.0327659744090565
NODE_236_length_1538_cov_9.527310	1538	0.80090948337892	0.043209630485909
NODE_237_length_1534_cov_5.521974	1534	0.355211729377965	0.236815880735042
NODE_238_length_1532_cov_7.038592	1532	0.693526164372261	0.0759357436122294
NODE_239_length_1518_cov_3.239918	1518	0.913444315215079	0.0138717263921553
NODE_240_length_1515_cov_5.314384	1515	0.689758225872991	0.0774903336389365
NODE_241_length_1514_cov_2.847841	1514	0.341137720651089	0.24710009168095
NODE_242_length_1512_cov_6.145504	1512	0.431064118636445	0.190098457368358
NODE_243_length_1511_cov_4.007555	1511	0.115506512178046	0.510224419021804
NODE_244_length_1511_cov_3.900412	1511	0.101359306613782	0.538366484633475
NODE_245_length_1510_cov_10.886598	1510	0.0602680006951316	0.650097660142703
NODE_246_length_1507_cov_11.351928	1507	0.758147102013603	0.056403715071551
NODE_247_length_1501_cov_8.952974	1501	0.557890290293159	0.129708614023199
NODE_248_length_1497_cov_3.656727	1497	0.961222382864489	0.00414557340455216
NODE_249_length_1495_cov_37.545139	1495	0.910222816212675	0.0144297843504604
NODE_250_length_1495_cov_4.254861	1495	0.757096338654458	0.0568820504643839
NODE_251_length_1490_cov_2.919861	1490	0.580056124285167	0.120341212580221
NODE_252_length_1490_cov_2.665505	1490	0.493074277481756	0.159126240682425
NODE_253_length_1484_cov_8.032190	1484	0.412446859814089	0.200861003707099
NODE_254_length_1479_cov_2.433989	1479	0.413895527955398	0.200223223183322
NODE_255_length_1467_cov_5.773371	1467	0.948877941454898	0.00621836010682824
NODE_256_length_1458_cov_4.837491	1458	0.960609186862454	0.00418543468728824
NODE_257_length_1447_cov_3.712644	1447	0.247509486069108	0.328456969745286
NODE_258_length_1447_cov_3.497126	1447	0.906952774655597	0.0150277035915016
NODE_259_length_1445_cov_6.072662	1445	0.395450669581515	0.210945908239327
NODE_260_length_1428_cov_3.144210	1428	0.598746742960692	0.112209510902061
NODE_261_length_1416_cov_2.764879	1416	0.202940848193244	0.377047873400566
NODE_262_length_1416_cov_2.606172	1416	0.845325486046479	0.0313309682305577
NODE_263_length_1414_cov_5.376748	1414	0.954497523769133	0.00522182803842628
NODE_264_length_1399_cov_9.832589	1399	0.452558250314471	0.178977159484992
NODE_265_length_1393_cov_9.847534	1393	0.513407411405856	0.149679116673975
NODE_266_length_1386_cov_4.305785	1386	0.90776493189426	0.0149479810260294
NODE_267_length_1377_cov_6.147504	1377	0.245726681421872	0.330290588751146
NODE_268_length_1374_cov_8.137225	1374	0.355906469741692	0.236417267907681
NODE_269_length_1374_cov_4.654284	1374	0.0852269854450906	0.576553593494639
NODE_271_length_1370_cov_2.722433	1370	0.678952421199994	0.0811974329333918
NODE_272_length_1362_cov_2.905891	1362	0.83721834562701	0.033523338781042
NODE_273_length_1357_cov_2.778802	1357	0.920834968399841	0.0122772750827122
NODE_274_length_1351_cov_4.589506	1351	0.580356183064	0.120102044883804
NODE_275_length_1345_cov_4.345736	1345	0.363133018829967	0.231992665523977
NODE_276_length_1336_cov_3.698673	1336	0.717916208290757	0.0693984932435126
NODE_277_length_1326_cov_3.999213	1326	0.946313322981814	0.00661697293418902
NODE_278_length_1300_cov_3.573494	1300	0.992321385655122	0.000199306413680392
NODE_279_length_1294_cov_6.332526	1294	0.947885975692693	0.00633794395503647
NODE_280_length_1286_cov_6.513050	1286	0.699563334139263	0.0742217084545781
NODE_281_length_1281_cov_7.221044	1281	0.974953568469857	0.00195320285406784
NODE_282_length_1280_cov_6.791837	1280	0.467981610740479	0.170646151393152
NODE_283_length_1279_cov_3.172386	1279	0.322614428231625	0.261410292183202
NODE_284_length_1278_cov_11.223222	1278	0.89598059632186	0.0176984095348188
NODE_285_length_1276_cov_2.908272	1276	0.137712687726287	0.470163829872045
NODE_286_length_1269_cov_2.359967	1269	0.481702217814011	0.163909594610755
NODE_287_length_1259_cov_4.295681	1259	0.181064598063647	0.405987164666959
NODE_288_length_1254_cov_3.455379	1254	0.255130951753757	0.320564435763543
NODE_289_length_1247_cov_5.511745	1247	0.829991913129123	0.0353968190696377
NODE_290_length_1247_cov_3.070470	1247	0.962080887907352	0.00410571212181608
NODE_291_length_1232_cov_13.080714	1232	0.430946136228276	0.190138318651094
NODE_292_length_1231_cov_3.554422	1231	0.261715916784557	0.314465659504923
NODE_293_length_1231_cov_2.751701	1231	0.931456932007266	0.0098058755530753
NODE_294_length_1229_cov_2.881601	1229	0.992578967543419	0.000159445130944314
NODE_295_length_1228_cov_3.122762	1228	0.968024304770706	0.00302945748794196
NODE_296_length_1226_cov_3.799317	1226	0.922355527246858	0.011679355841671
NODE_297_length_1219_cov_3.621993	1219	0.666989938517841	0.0857416191653047
NODE_298_length_1213_cov_3.342832	1213	0.796209311821739	0.0447642205126161
NODE_299_length_1211_cov_4.924740	1211	0.956002158643399	0.00498266034200981
NODE_300_length_1208_cov_14.282741	1208	0.860331069614778	0.0271056722605333
NODE_302_length_1205_cov_3.084348	1205	0.810372711494439	0.0408179535217443
NODE_304_length_1200_cov_3.153712	1200	0.900021612062558	0.0168613225973612
NODE_305_length_1193_cov_2.081722	1193	0.550447958785823	0.132658348945669
NODE_306_length_1191_cov_3.823944	1191	0.828141473315765	0.0357157093315263
NODE_307_length_1190_cov_9.562115	1190	0.255073059835049	0.320684019611751
NODE_308_length_1190_cov_3.022907	1190	0.375953964423153	0.22270498664647
NODE_309_length_1189_cov_15.528219	1189	0.939548068171209	0.00793239526447961
NODE_310_length_1181_cov_2.808171	1181	0.738091020486022	0.0636186072467812
NODE_311_length_1180_cov_2.273778	1180	0.0331520759631399	0.760832303583529
NODE_312_length_1178_cov_23.038290	1178	0.907397895672669	0.0149479810260294
NODE_313_length_1174_cov_18.592493	1174	0.220781732785926	0.355722087136764
NODE_315_length_1163_cov_2.463899	1163	0.466302918592311	0.171443377047873
NODE_316_length_1161_cov_5.827306	1161	0.292038417375936	0.286204010045043
NODE_317_length_1160_cov_3.400000	1160	0.807639722491126	0.0414557340455216
NODE_318_length_1158_cov_5.349048	1158	0.99352663040637	0.000159445130944314
NODE_319_length_1158_cov_2.244787	1158	0.273666189192725	0.302786303663252
NODE_320_length_1157_cov_6.291289	1157	0.9642076443251	0.0037070992944553
NODE_322_length_1140_cov_3.178802	1140	0.246827677487735	0.329493363096424
NODE_323_length_1138_cov_7.478301	1138	0.951011020366398	0.00577988599673137
NODE_324_length_1137_cov_5.704251	1137	0.34778895117567	0.242356599035357
NODE_325_length_1137_cov_2.907579	1137	0.94559683462733	0.00673655678239726
NODE_326_length_1134_cov_2.834106	1134	0.965332241325121	0.00334834774983059
NODE_327_length_1133_cov_6.628015	1133	0.919658364743812	0.0124367202136565
NODE_328_length_1129_cov_7.145251	1129	0.290956433856024	0.28735998724439
NODE_329_length_1118_cov_2.888993	1118	0.266586769037085	0.310041057121218
NODE_330_length_1117_cov_3.437853	1117	0.120974098033118	0.500617849882409
NODE_331_length_1113_cov_3.468809	1113	0.925360131123607	0.0108422689042133
NODE_333_length_1104_cov_9.875119	1104	0.271195688070594	0.305417148323833
NODE_334_length_1102_cov_7.220630	1102	0.959552857024206	0.00434487981823255
NODE_335_length_1101_cov_3.088910	1101	0.759083517641689	0.055885518395982
NODE_336_length_1093_cov_3.810212	1093	0.0496072654286923	0.686969346673576
NODE_337_length_1091_cov_4.309846	1091	0.995320946166467	7.97225654721569e-05
NODE_338_length_1087_cov_3.678295	1087	0.487373818407489	0.161438195081118
NODE_339_length_1087_cov_2.483527	1087	0.657320356894961	0.0888109379359828
NODE_340_length_1084_cov_3.066084	1084	0.792605778241487	0.0459600589946984
NODE_341_length_1082_cov_3.355404	1082	0.885385094054172	0.0202495316299279
NODE_342_length_1077_cov_5.864971	1077	0.666489301048324	0.0860206481444573
NODE_343_length_1077_cov_3.957926	1077	0.794425313701847	0.0453621397536573
NODE_344_length_1076_cov_3.646425	1076	0.988812163690922	0.000677641806513334
NODE_345_length_1075_cov_7.216667	1075	0.69320385139674	0.0760951887431738
NODE_346_length_1073_cov_3.000982	1073	0.861320442442077	0.026946227129589
NODE_347_length_1065_cov_2.682178	1065	0.434505356742836	0.188224977079762
NODE_348_length_1062_cov_3.672294	1062	0.961144785513384	0.00414557340455216
NODE_349_length_1061_cov_2.485089	1061	0.674188443096268	0.0830709132219875
NODE_350_length_1054_cov_3.519520	1054	0.092622355086403	0.559373380635389
NODE_351_length_1053_cov_5.178357	1053	0.96147365931101	0.00410571212181608
NODE_353_length_1043_cov_2.496964	1043	0.743147056349856	0.0617052656754494
NODE_354_length_1041_cov_2.760649	1041	0.893051421983585	0.0185753577550126
NODE_355_length_1041_cov_2.446247	1041	0.134197573126547	0.47550524175868
NODE_356_length_1037_cov_3.723014	1037	0.911058562506596	0.01423047793678
NODE_357_length_1037_cov_3.623218	1037	0.372468051784483	0.224857495914219
NODE_358_length_1036_cov_3.470948	1036	0.83381033230341	0.0344401482839718
NODE_359_length_1034_cov_4.078652	1034	0.0696002007258001	0.619324749870451
NODE_360_length_1032_cov_2.479017	1032	0.77404587221081	0.0517399449914298
NODE_361_length_1031_cov_6.568648	1031	0.191990452477109	0.391318212620082
NODE_363_length_1027_cov_4.555556	1027	0.975003301019458	0.00195320285406784
NODE_364_length_1027_cov_3.206790	1027	0.93715076070633	0.00849045322278471
NODE_365_length_1027_cov_2.912551	1027	0.884985793779554	0.0203292541954
NODE_367_length_1022_cov_4.716649	1022	0.988798115242605	0.000677641806513334
NODE_368_length_1021_cov_3.258799	1021	0.126903221727029	0.489097939171683
NODE_370_length_1019_cov_2.515560	1019	0.987835857324906	0.000757364371985491
NODE_371_length_1017_cov_2.697505	1017	0.582204818020986	0.119225096663611
NODE_372_length_1014_cov_3.325339	1014	0.58793872576862	0.116753697133974
NODE_373_length_1007_cov_3.436975	1007	0.854537779591918	0.0285805397217682
NODE_374_length_1007_cov_2.824580	1007	0.990526276017146	0.000597919241041177
NODE_375_length_1007_cov_2.267857	1007	0.658176514112172	0.0887710766532467
NODE_376_length_1006_cov_14.390116	1006	0.938237750316015	0.00825128552636824
NODE_377_length_1004_cov_4.325606	1004	0.669228050902835	0.0847052258141667
NODE_378_length_1004_cov_2.872497	1004	0.42977902954817	0.19129429585044
NODE_379_length_1002_cov_8.874340	1002	0.995773462454212	7.97225654721569e-05
NODE_380_length_1002_cov_3.385428	1002	0.609241537862415	0.107984214932037
NODE_381_length_1002_cov_2.692714	1002	0.810010779963993	0.0409773986526886
