0	NODE-24-length-17123-cov-9-349484	0.31790228300839585	0.0
1	NODE-31-length-12320-cov-11-074195	0.33116832089951653	0.0
2	NODE-39-length-8302-cov-12-239360	0.49766204644722006	0.0
3	NODE-41-length-8170-cov-33-700185	1.1793779935983941	0.0
4	NODE-48-length-6422-cov-5-603110	0.2526734716986035	0.0
5	NODE-56-length-5754-cov-24-117564	0.8456356653468691	0.0
6	NODE-58-length-5677-cov-12-369619	0.4456373978518176	0.0
7	NODE-63-length-5137-cov-11-834317	0.3768198262916288	0.0
8	NODE-76-length-4117-cov-9-164205	0.39157086842429295	0.0
9	NODE-84-length-3785-cov-6-289276	0.27290665448963186	0.0
10	NODE-101-length-3291-cov-7-610012	0.25826698767508355	0.0
11	NODE-134-length-2536-cov-10-562273	0.3667960476612111	0.0
12	NODE-112-length-4146-cov-31-524322	0.0	3.4511383268885116
13	NODE-24-length-27839-cov-39-186510	0.0	3.3997967730159213
14	NODE-32-length-25053-cov-121-054604	0.0	32.15887978682094
15	NODE-38-length-19368-cov-31-752861	0.0	1.4430511020529648
16	NODE-64-length-9342-cov-13-178206	0.0	1.0902174342709523
17	NODE-73-length-7801-cov-47-237284	0.0	4.828617335680287
18	NODE-81-length-7205-cov-23-899860	0.0	1.1898312099911408
