1001994.6
1006006.8
1027373.11
1027374.10
1032475.3
1033806.12
1041930.6
1042877.9
1053692.7
1054217.5
1056495.6
1069083.4
1071085.3
1072681.7
1090322.3
1094980.5
1104324.8
1110509.7
1114856.3
1114856.4
1122230.3
1122233.4
1131266.4
1131267.3
1131268.4
1132509.4
1132509.6
1151117.4
1160895.4
1163730.6
1173487.3
1175296.12
1183377.7
1184251.4
1194088.4
1197130.3
1198449.6
1201294.9
1202768.4
1204725.3
1214066.4
1227452.3
1227453.3
1227454.3
1227455.4
1227456.3
1227457.3
1227458.3
1227459.3
1227460.3
1227461.3
1227466.3
1227467.4
1227481.4
1227482.3
1227483.3
1227484.4
1227485.3
1227486.3
1227487.5
1227488.3
1227490.4
1227491.4
1227492.4
1227493.4
1227494.3
1227495.3
1227496.3
1227497.3
1227498.3
1227499.3
1227500.6
1229908.8
1229909.8
1230451.3
1230452.3
1230453.4
1230454.4
1230455.3
1230456.3
1230457.4
1230459.4
1230460.4
1236689.6
1237085.11
1238426.3
1243180.4
1261545.10
1264579.4
1293047.3
1293048.3
1293586.5
1294262.3
1295009.4
1295370.3
1295371.3
1295372.3
1301915.4
1324957.4
1333523.5
1343739.3
1353246.3
1365176.7
1379702.4
1380430.3
1392998.3
1401244.3
1407055.3
1407499.3
1410606.3
1410664.3
1415626.4
1434100.4
1434103.4
1434107.4
1434108.4
1434110.4
1434111.4
1434120.4
1434123.4
1448860.3
1455608.3
1457250.4
1483599.7
1495067.3
1495314.3
1495336.3
1498500.3
1505907.3
1544718.3
1550241.5
1550566.3
1577791.3
1579370.3
1579373.3
1579378.3
1580092.5
1591054.3
1609232.3
163003.5
1705389.3
1715806.4
178306.9
186497.12
187420.15
188937.25
190192.8
192952.21
195522.4
213585.10
2162.4
222984.5
224325.10
224719.6
227598.4
228908.8
230361.4
243232.20
246969.9
259564.15
263820.9
267377.15
268739.6
269797.17
272557.25
272569.17
272844.11
273057.12
273063.9
273075.10
273116.8
277988.4
29540.5
304371.9
309800.28
309800.29
311458.9
312540.4
323259.15
330779.12
333146.12
339860.19
340102.8
342949.8
348780.14
349307.15
351160.9
358396.7
362976.22
368407.15
368408.14
374847.13
384616.10
387631.5
391623.17
397948.10
399549.15
399550.11
406327.12
406552.5
408577.3
410358.15
410359.14
413816.4
414004.10
415426.13
416348.21
419665.15
420247.28
426368.13
427317.9
429572.10
436308.17
439481.10
439481.9
444157.8
453591.15
456320.6
456442.19
469382.18
478009.20
485914.12
490899.14
507754.5
519442.20
521011.8
523841.19
523844.20
523845.5
523846.9
523847.5
523849.5
523850.10
529709.11
543526.13
547558.18
547559.16
565033.4
572478.10
572546.12
573063.7
573064.11
579137.10
582419.3
583356.9
589924.11
591019.7
593117.10
593750.7
604354.9
633148.11
634497.12
634498.28
64091.14
644281.8
644295.10
647113.11
662475.6
662476.7
662477.6
662478.6
662479.7
662480.6
666510.18
671065.12
673860.5
679901.8
679926.6
69014.16
693661.9
694429.7
694430.4
694440.4
697581.3
698757.19
70601.8
751944.3
756883.5
765177.25
768065.8
768672.7
768679.9
795797.18
795797.20
797114.5
797209.4
797209.5
797210.10
797299.3
797302.4
797303.4
797303.5
797304.6
797304.7
79929.8
859192.6
859350.6
867904.9
868131.7
877455.4
880724.7
882090.7
913025.4
913336.3
926571.7
926690.3
931277.6
933801.14
985053.10
990316.16
999630.6
1000562.3
1000565.3
1000568.3
1000569.4
1001240.4
1001530.3
1001593.3
1001595.3
1001886.3
100226.15
1002340.3
1002367.3
1002368.3
1002672.3
1002804.6
1002805.5
1002809.3
1003181.3
1003195.11
1003195.29
1003237.3
1004326.3
100480.3
1005043.3
1005048.3
1005057.4
1005058.3
1005090.4
1005395.3
1005941.3
1005995.4
1006000.3
1006551.4
1007096.3
1007103.3
1007105.3
1007676.4
1008457.3
1008459.4
100901.6
1009370.3
1009858.3
101510.16
1017273.3
102129.3
1026882.3
1027273.5
1027371.3
1028307.3
1028800.3
1028805.3
102897.3
1028989.3
1029718.6
1029756.8
1030157.3
1030841.3
1031564.3
1032069.3
1032480.4
1032488.3
1032845.11
1032867.3
1032868.3
1033730.6
1033731.3
1033732.3
1033733.3
1033734.3
1033736.3
1033737.3
1033739.3
1033740.3
1033743.3
1033744.3
1033802.3
1033837.3
1033991.3
1034345.3
1034346.3
1034347.3
1034769.3
1034807.5
1034808.3
1034943.3
1034943.4
1034944.4
1035.3
1035188.3
1035195.3
1035197.3
1035308.3
1035839.4
1036672.3
1036673.3
1036674.4
103690.10
103733.3
1037409.3
1037410.3
1037915.3
103855.15
1038859.3
1038860.3
1038867.3
1040986.3
1040988.3
1040989.5
1041138.4
1041139.4
1041147.3
1041504.3
1041522.3
1041809.3
1041826.3
1042156.4
1042163.3
1042209.11
1042375.3
1042377.3
1042378.3
1042404.3
1042417.4
104268.3
1042878.5
1043205.3
1043206.3
104336.4
1043493.3
1044.3
1044999.3
1045004.4
1045009.3
1045854.4
1045855.3
1045858.4
104605.3
104623.3
104628.18
1046581.3
1046594.4
1046595.4
1046596.4
1046597.4
1046598.4
1046599.3
1046627.3
1046724.3
1048260.3
1048808.3
1048830.3
1048983.3
1049564.3
1049759.3
1049789.4
1049790.3
1049910.3
1049941.3
1049968.3
1049970.3
1049972.3
1050174.4
1050202.3
1050720.3
1051501.3
1051502.3
1051632.5
1051646.3
1051646.9
1051662.3
1051973.4
1051985.3
105219.7
105219.8
1052585.4
1054213.3
1054460.4
1054860.3
1054862.3
1055192.4
1055526.3
105559.4
1056511.3
1056512.5
1056816.3
106370.16
1064537.3
106592.5
106634.4
1068590.3
1068978.3
1068978.7
1068980.3
1069533.5
1069534.5
1069536.3
1069631.3
1069640.6
1069642.3
1069985.4
1070319.3
1071078.3
1071080.3
1071400.3
1071679.4
1072256.5
1072467.3
1072576.3
1072583.4
1072685.4
1073376.3
1073377.4
1073573.3
1073574.3
1073999.4
1074000.3
1074049.7
1074052.3
1074467.3
1074488.3
1074889.3
1075090.3
1075399.3
1075768.5
1076.23
1076550.3
1076588.3
1076934.5
1077144.3
1077285.3
1077947.4
1077972.3
1077974.3
1077975.4
1078013.3
1078020.3
107806.10
1078085.3
1078086.3
1078091.3
1078483.3
1078846.3
1079460.3
1079984.3
1079986.3
1079994.3
1081640.3
1081644.3
1081646.3
1081736.4
1081904.3
1082931.4
1082933.3
1084662.5
108486.3
1085538.3
1085623.3
1086011.3
1087448.3
1087479.3
1087481.3
1088540.3
1088721.3
1088721.7
1088868.3
1088869.3
1088888.3
1089453.3
1089454.3
1089455.3
1089544.3
1089545.3
1089546.3
1089547.3
1089548.3
1089549.3
1089550.3
1089551.3
1089552.3
1089553.3
1090316.5
1090318.6
1090319.3
1090320.3
1090379.4
1090471.4
1094174.3
1094489.3
1094491.5
1094496.3
1094497.3
1094508.3
1094551.3
1094552.3
1094553.3
1094554.3
1094556.3
1094557.3
1094558.3
1094559.3
1094560.3
1094563.3
1094564.3
1094715.3
1094755.3
1094979.3
1095025.3
1095026.3
1095552.3
1095743.3
1095744.4
1095749.3
1095752.3
1095767.3
1095769.4
1095770.3
1095772.3
1095900.3
1096769.3
1096856.3
1096930.3
1097667.3
1097668.3
1100720.3
1101188.3
1101189.3
1101192.3
1101195.3
110319.3
1104641.3
1104996.3
1105030.3
1105031.3
110505.3
1105108.3
1105110.3
1105111.3
1105113.3
1105114.3
110662.5
110663.3
1107311.3
1107311.5
1107882.3
1108044.3
1108045.3
110935.6
1110502.3
1110697.4
1111068.3
1111069.3
1111126.3
1111134.3
1111135.3
1111137.3
1111454.3
1111479.4
1111676.3
1111728.3
1111729.3
1111730.5
1111731.3
1111732.3
1111733.3
1111735.3
1111737.3
1111738.3
1112204.3
1112209.3
1112212.3
1112214.3
1112215.3
1112216.3
1112217.3
1112230.4
1112274.3
1114263.3
1114943.5
1114960.4
1114962.3
1114963.3
1114964.3
1114970.3
1114972.3
1114972.5
1115512.3
1115515.3
1115803.3
1115809.3
1115834.3
1115835.3
1116213.3
1116230.3
1116232.3
1116369.3
1116375.3
1116391.3
1116472.3
1117313.3
1117314.3
1117315.3
1117316.3
1117317.3
1117319.3
1117320.3
1117379.3
1117409.3
1117646.3
1117647.4
111780.3
111781.3
1117958.3
1118054.3
1118055.3
1118056.3
1118057.3
1118059.3
1118060.3
1118061.3
1118062.3
1118153.6
1118964.8
1119528.3
1120227.3
1120568.4
1120658.4
1120688.3
1120746.3
1120792.3
1120917.3
1120919.3
1120924.3
1120925.3
1120926.3
1120927.3
1120928.3
1120929.3
1120930.3
1120931.3
1120933.3
1120934.3
1120935.3
1120936.3
1120937.3
1120941.3
1120942.4
1120943.3
1120944.3
1120946.3
1120947.3
1120948.3
1120949.3
1120950.3
1120951.3
1120952.3
1120953.3
1120954.3
1120956.3
1120958.3
1120959.3
1120960.3
1120961.3
1120963.3
1120964.3
1120965.3
1120967.3
1120968.3
1120969.3
1120971.3
1120972.3
1120973.4
1120974.3
1120977.3
1120978.3
1120979.4
1120980.3
1120983.3
1120984.3
1120985.4
1120988.3
1120998.3
1120999.3
1121002.4
1121004.4
1121006.3
1121007.3
1121011.3
1121012.3
1121013.3
1121013.4
1121014.3
1121015.3
1121015.4
1121016.3
1121017.3
1121018.3
1121019.4
1121020.3
1121022.3
1121022.4
1121023.3
1121024.3
1121028.3
1121030.3
1121032.3
1121033.3
1121034.3
1121035.3
1121085.3
1121086.3
1121087.3
1121088.10
1121090.3
1121091.3
1121092.3
1121093.3
1121094.3
1121096.3
1121097.3
1121098.4
1121099.3
1121100.7
1121101.3
1121102.3
1121103.3
1121104.3
1121105.4
1121106.3
1121108.3
1121114.4
1121115.4
1121116.3
1121118.3
1121122.3
1121123.3
1121124.3
1121126.4
1121126.5
1121129.3
1121130.3
1121267.3
1121271.3
1121272.3
1121274.4
1121275.4
1121278.3
1121280.3
1121283.3
1121285.4
1121286.4
1121287.4
1121288.4
1121289.3
1121293.3
1121296.3
1121307.3
1121315.4
1121318.3
1121319.3
1121324.3
1121333.3
1121334.3
1121335.3
1121342.5
1121344.3
1121346.3
1121347.4
1121348.4
1121349.4
1121351.3
1121352.3
1121353.3
1121354.3
1121355.3
1121356.3
1121360.3
1121362.3
1121363.3
1121364.3
1121365.3
1121366.3
1121367.3
1121368.3
1121370.3
1121372.3
1121373.3
1121374.3
1121375.3
1121377.3
1121378.3
1121379.3
1121380.3
1121381.3
1121382.3
1121383.4
1121385.3
1121387.3
1121388.4
1121394.3
1121396.3
1121398.3
1121399.3
1121402.3
1121403.3
1121404.3
1121405.3
1121406.3
1121411.3
1121413.3
1121422.3
1121423.4
1121428.3
1121430.3
1121433.3
1121434.3
1121438.3
1121439.3
1121440.3
1121441.3
1121443.3
1121445.4
1121447.3
1121448.10
1121448.7
1121451.3
1121453.3
1121456.3
1121459.3
1121462.3
1121467.3
1121468.4
1121472.3
1121477.3
1121479.3
1121480.5
1121481.4
1121482.3
1121483.3
1121485.3
1121859.3
1121860.3
1121861.3
1121862.3
1121863.3
1121864.6
1121865.3
1121865.4
1121865.5
1121867.3
1121871.3
1121874.3
1121876.3
1121877.3
1121878.3
1121879.3
1121880.3
1121887.3
1121889.3
1121890.3
1121891.3
1121895.5
1121896.3
1121897.4
1121898.3
1121898.5
1121899.3
1121901.3
1121904.3
1121909.4
1121915.3
1121917.3
1121922.3
1121923.3
1121926.3
1121927.3
1121928.3
1121929.3
1121930.3
1121934.3
1121938.3
1121939.11
1121940.3
1121941.3
1121943.4
1121952.3
1121953.3
1121957.3
1122124.3
1122129.3
1122134.4
1122135.3
1122137.3
1122138.3
1122143.3
1122146.3
1122147.3
1122148.5
1122150.3
1122151.3
1122152.3
1122153.4
1122158.3
1122160.4
1122161.4
1122164.4
1122165.3
1122169.3
1122170.4
1122172.3
1122173.3
1122174.3
1122175.4
1122176.3
1122179.3
1122180.3
1122180.6
1122182.3
1122183.3
1122185.3
1122186.3
1122191.4
1122197.3
1122200.3
1122201.3
1122202.3
1122203.4
1122207.3
1122211.3
1122212.3
1122213.3
1122214.3
1122215.3
1122216.3
1122217.3
1122218.3
1122219.3
1122221.3
1122223.3
1122224.3
1122225.4
1122228.3
1122236.3
1122237.3
1122238.3
1122239.3
1122240.3
1122241.3
1122243.3
1122244.3
1122247.3
1122247.4
1122248.3
1122249.3
1122602.4
1122604.3
1122605.3
1122608.3
1122609.3
1122610.3
1122611.3
1122612.4
1122613.3
1122614.3
1122615.3
1122616.3
1122617.3
1122619.3
1122620.3
1122621.3
1122915.3
1122916.4
1122917.3
1122918.3
1122919.3
1122920.3
1122921.3
1122923.3
1122924.3
1122925.3
1122926.3
1122927.3
1122928.3
1122931.3
1122933.3
1122936.3
1122939.3
1122940.3
1122941.3
1122946.3
1122947.3
1122949.3
1122950.3
1122951.3
1122959.4
1122962.3
1122963.3
1122964.4
1122965.4
1122967.3
1122970.3
1122971.3
1122972.3
1122973.3
1122974.3
1122975.3
1122976.3
1122978.3
1122979.3
1122980.3
1122981.3
1122985.3
1122986.3
1122988.3
1122990.3
1122992.3
1122994.3
1122997.3
1122998.3
1122999.3
1123008.3
1123009.3
1123013.3
1123016.6
1123021.3
1123023.3
1123024.3
1123025.3
1123027.3
1123032.3
1123033.3
1123034.3
1123035.3
1123036.3
1123037.4
1123053.3
1123054.4
1123055.3
1123057.3
1123057.7
1123058.4
1123059.3
1123060.3
1123065.3
1123069.3
1123070.3
1123072.3
1123073.3
1123075.3
1123077.3
1123078.3
1123226.3
1123227.4
1123228.4
1123229.3
1123230.3
1123233.3
1123234.4
1123235.4
1123236.3
1123237.3
1123239.3
1123240.4
1123241.3
1123242.3
1123244.5
1123247.3
1123248.3
1123249.3
1123250.4
1123251.3
1123252.3
1123253.3
1123255.3
1123257.3
1123258.3
1123261.3
1123262.3
1123265.3
1123267.3
1123268.4
1123269.5
1123270.3
1123274.3
1123275.4
1123276.3
1123277.3
1123278.3
1123284.3
1123288.4
1123290.4
1123294.3
1123296.3
1123298.3
1123300.3
1123301.3
1123302.3
1123303.3
1123304.3
1123305.3
1123306.3
1123307.3
1123308.3
1123309.3
1123311.3
1123312.3
1123313.3
1123314.3
1123315.3
1123317.5
1123319.3
1123320.3
1123321.3
1123322.3
1123325.3
1123326.4
1123347.4
1123354.4
1123355.3
1123356.3
1123359.3
1123360.3
1123364.3
1123365.3
1123366.3
1123367.11
1123367.4
1123368.4
1123371.3
1123372.3
1123376.3
1123377.3
1123386.3
1123388.3
1123389.3
1123392.3
1123393.3
1123399.3
1123400.3
1123401.3
1123405.3
1123487.3
1123488.3
1123489.3
1123490.3
1123493.3
1123494.3
1123497.3
1123499.3
1123500.3
1123501.3
1123502.3
1123503.3
1123504.3
1123507.4
1123508.3
1123509.3
1123510.3
1123511.3
1123514.3
1123515.3
1123516.3
1123517.3
1123518.3
1123519.7
1123524.3
1123719.3
1123864.3
1123865.4
1123866.3
1123867.3
1124982.3
1124983.3
1124991.3
1125630.4
1125699.3
1125700.3
1125701.3
1125702.3
1125712.3
1125717.3
1125718.3
1125723.3
1125725.3
1125747.3
1125778.3
1125779.3
1125863.3
1125971.3
1125973.3
1125975.3
1125979.3
1126833.4
1127131.3
1127483.3
1127672.3
1127673.3
1127692.3
1127694.3
1127699.3
1128398.3
1128399.3
1128421.3
1128427.4
1128912.3
1129367.4
1129374.4
1129793.3
1129794.4
1129897.3
1130798.3
1131270.3
1131273.3
1131278.3
1131279.3
1131291.3
1131451.6
1131452.3
1131455.3
1131462.4
1131551.3
1131553.6
1131730.3
1131731.3
1131812.3
1131814.3
1131935.3
1132441.3
1132442.3
1132443.3
1132444.3
113355.3
1133569.3
1133849.4
1133852.3
113395.3
1134055.3
1134413.3
1134435.5
1134445.3
1134474.3
1134510.3
1134912.3
113571.3
1136138.3
1136163.9
1136166.3
1136941.3
1137268.3
1137269.3
1137271.3
1137280.3
1137281.3
1137284.4
1137799.5
1138383.4
1138822.4
1138871.3
1139219.3
1139219.4
1139996.3
1139996.4
1140.7
1140002.3
1140002.4
1140003.3
1140003.4
114090.3
1141105.7
1141106.7
1141647.3
1141660.3
1141662.3
1141663.3
1143323.3
1144253.3
1144275.3
1144300.3
1144304.3
1144305.3
1144306.3
1144307.3
1144308.3
1144313.4
1144314.3
1144315.3
1144316.3
1144317.3
1144318.3
1144319.3
1144342.3
1144343.3
1144888.4
1145276.3
114615.4
1146883.3
1147128.3
1147786.5
1148.35
1149862.3
1149865.7
1150399.3
1150423.4
1150460.7
1150461.5
1150469.3
1150474.3
1150591.3
1150599.3
1150600.3
1150621.9
1150626.3
1150862.3
1150864.3
1150948.4
1151061.3
1151122.3
1151126.3
1151128.3
1154756.4
1154758.3
1154860.3
1155096.3
1155714.3
1156417.3
1156433.3
1156844.3
1156913.3
1156918.4
1156935.5
1156937.4
1156937.6
1156986.4
115713.3
1157490.3
1157632.3
1157637.3
1157708.3
1157943.3
1157951.4
1158144.3
1158146.3
1158160.3
1158182.3
1158291.3
1158292.3
1158294.3
1158318.3
1158345.3
1158601.3
1158601.4
1158602.3
1158606.3
1158606.4
1158607.3
1158607.4
1158608.3
1158608.4
1158609.3
1158610.3
1158610.4
1158612.3
1158614.4
1158762.3
1159488.5
1159870.3
1160137.3
1160279.3
1160707.3
1160710.3
1160718.3
1160719.4
1160720.10
1160721.7
1161401.3
1161902.3
1161913.3
1162282.3
1162296.3
1162668.3
1163385.3
1163389.3
1163407.3
1163408.3
1163409.3
1163419.3
1163745.3
1163751.3
1164990.3
1165091.3
1165094.3
1165095.3
1165841.3
1165867.3
116598.26
1166016.3
1166018.3
1166948.3
1167006.5
1167628.4
1167632.5
1167637.4
1168034.5
1168059.3
1168065.3
1168067.3
1168169.3
1169143.3
1169145.3
1169152.3
1169154.3
1169155.3
1169855.3
1170318.3
1170562.3
1171373.8
1171375.3
1171377.3
1172178.3
1172179.3
1172183.3
1172185.3
1172188.3
1172190.3
1172567.3
1173020.3
1173021.3
1173022.3
1173024.4
1173025.3
1173026.3
1173027.3
1173028.3
1173029.3
1173263.3
1173264.3
1174504.3
1174529.3
1174684.3
1175313.3
1176165.3
1177117.3
1177154.3
1177179.3
1177181.3
1177185.3
1177594.3
1177926.3
1177928.3
1177931.3
1178482.3
1178482.5
1178825.3
1179155.3
1179224.4
1179225.4
1179226.10
1179773.3
1179777.3
1179778.3
118005.9
118161.3
118163.3
118166.3
118168.3
118173.3
1182568.3
1182571.5
1182590.4
1183379.4
1183438.3
1184267.3
1184607.3
1184609.3
1185325.3
1185651.3
1185653.3
1185766.4
1185876.3
1186051.3
1187845.3
1187848.3
1187851.3
1188.3
1188233.3
1188234.3
1188235.3
1188236.3
1188241.3
1188252.3
1188256.3
1188261.3
1189611.3
1189613.3
1189619.4
1189620.3
1190606.3
1190813.3
1191298.3
1191299.3
1191300.3
1191322.3
1191523.3
1191699.3
1192034.3
1192124.4
1192197.3
1192864.3
1192868.3
1193007.3
1193011.3
1193012.3
1193029.3
1193051.3
1193069.3
1193095.6
1193119.3
1193181.3
1193729.4
1194165.3
1194405.4
1194526.3
1194972.3
1195236.3
1195242.3
1195246.3
1195763.3
1195885.3
1196028.3
1196029.3
1196031.3
1196094.4
1196095.8
1196322.3
1196323.3
1196324.3
1196416.3
1196417.3
1196421.3
1196835.3
1197174.4
1197325.3
1197477.3
1197720.3
1197874.4
1197884.5
1197906.5
1198232.3
1198452.4
1198630.3
1199154.3
1199245.3
1200346.3
1200352.3
1200567.3
1200791.3
1201036.3
1201288.3
1201290.3
1201293.3
1202450.10
1202533.3
1202534.3
1202724.3
1202785.3
1202962.4
1203066.3
1203076.3
1203190.3
1203261.3
1203554.3
1203562.3
1203568.3
1203578.3
1203602.3
1203605.3
1203606.4
1203622.3
1204340.4
1204719.3
1204738.3
1205680.3
1205681.4
1205908.3
1205910.3
1206103.3
1206109.10
1206109.5
1206458.7
1206720.4
1206725.5
1206726.4
1206729.4
1206730.4
1206731.4
1206733.4
1206734.4
1206735.3
1206736.4
1206737.4
1206738.4
1206740.4
1206741.4
1206742.4
1206743.4
1206744.4
1206745.3
1206777.3
1206781.3
1207055.3
1207058.4
1207075.3
1207076.3
1208104.3
1208314.3
1208321.3
1208323.3
1208324.3
1208365.4
1208583.4
1208591.3
1208599.3
1208600.3
1208656.3
1208660.3
1208918.3
1208919.3
1208920.3
1208921.3
1208923.3
1209072.3
1209984.3
1209989.3
1210045.3
1210046.3
1210073.4
1210884.3
1211035.3
1211112.3
1211114.3
1211115.3
1211579.3
1211777.3
1211813.3
1211814.3
1211815.3
1211817.3
1211819.3
1211843.4
1212491.3
1212545.3
1212546.3
1212547.3
1212764.3
1212765.3
1212819.3
121292.4
1214064.10
1214065.3
1214101.3
1214102.3
1214117.4
1214225.3
1214242.5
1214914.3
1215092.3
1215104.3
1215343.11
1215915.3
1216007.3
1216932.3
1216961.4
1216967.6
121719.10
121723.5
1217648.3
1217650.3
1217655.3
1217657.3
1217658.3
1217659.3
1217660.3
1217664.3
1217676.3
1217677.3
1217692.3
1217715.3
1217720.3
1217721.3
1217721.7
1217988.3
1218074.4
1218075.5
1218108.3
1218112.3
1218169.3
1218173.3
1218492.5
1218493.3
1218495.3
1218508.4
1218565.3
1218591.3
1218598.3
1218599.3
1219015.3
1219031.4
1219035.3
1219037.3
1219042.3
1219043.4
1219045.3
1219050.3
1219058.4
1219065.4
1219067.7
1219069.3
1219072.3
1219076.4
1219077.9
1219080.4
1219083.7
1219084.8
1219360.3
1219581.3
1219585.3
1220535.3
1220558.3
1220574.3
1220578.3
1220582.3
1220583.3
1220589.3
1220591.6
1221291.3
1221311.3
1221520.3
1221537.3
1221538.3
1221996.3
122202.3
1223307.4
1223410.3
1223489.4
1223503.4
1223513.5
1223515.3
1223521.5
1223523.3
1223524.3
1223527.3
1223540.3
1223542.3
1223543.3
1223544.3
1223545.3
1223548.4
1223566.3
1223802.3
1224136.3
1224150.8
1224162.3
1224163.3
1224164.3
1224746.3
1224748.3
1225176.3
1225179.3
1225184.4
1225564.3
1225647.3
1225651.3
1225657.3
1225660.5
122586.8
1226285.5
1226323.3
1226324.3
1226325.3
1227261.3
1227262.3
1227266.3
1227268.3
1227272.3
1227275.3
1227360.4
1227363.6
1227739.3
1227812.4
1228987.3
1228997.3
1229172.3
1229203.3
1229205.11
1229276.3
1229486.3
1229489.3
1229491.3
1229512.3
1229520.3
1229756.3
1229758.3
1229780.4
1229781.4
1229783.3
1229831.3
1230338.3
1230341.3
1230342.3
1230343.3
1230730.3
1230734.3
1231063.3
1231185.4
1231190.3
1231336.3
1231339.3
1231340.3
1231341.3
1231342.3
1231343.3
1231351.3
1231391.4
1231624.3
1231626.3
123214.3
1232410.3
1232426.4
1232427.4
1232428.4
1232429.3
1232430.3
1232436.3
1232437.3
1232674.3
1232683.4
1232724.3
1232866.3
1233099.4
1233170.3
1233171.3
1233231.3
1233951.9
1234364.3
1234381.3
1234382.3
1234409.3
1234595.3
1234596.3
1234671.3
1234672.3
1234679.3
1234876.3
1235279.3
1235441.3
1235479.3
1235755.3
1235789.3
1235790.3
1235792.3
1235793.3
1235794.3
1235795.3
1235796.3
1235797.3
1235798.3
1235799.3
1235800.3
1235801.4
1235802.3
1235809.3
1235811.5
1235813.3
1235817.5
1235834.3
1235834.6
1235835.3
1235990.3
1236179.3
1236481.3
1236483.3
1236498.4
1236499.3
1236500.5
1236502.5
1236508.3
1236509.3
1236511.3
1236513.3
1236516.4
1236518.4
1236520.3
1236526.3
1236534.3
1236536.3
1236542.4
1236544.3
1236550.3
1236608.7
1236703.3
1236902.3
1236908.3
1236909.3
1236945.3
1236948.3
1236949.3
1236950.3
1236951.3
1236953.3
1236954.3
1236958.3
1236959.3
1236962.4
1236970.3
1236971.3
1236973.3
1236974.4
1236975.3
1236976.3
1237500.3
1238.86
1238180.3
1238182.3
1238184.3
1238186.3
1238190.3
1238219.3
1238674.3
123899.6
1239307.3
1239934.3
1240239.3
1240471.4
1240678.4
1240783.3
1241616.6
1241906.3
1242245.3
1242253.3
1242864.3
1242993.3
1243662.3
1243664.3
1244083.3
1244528.3
1244531.3
1244869.3
1245469.3
1245471.3
1245475.3
1245476.3
1245935.3
1246.4
1246444.3
1246445.3
1246460.3
1246461.3
1246474.3
1246475.3
1246476.3
1246477.3
1246484.3
1246485.3
1246626.3
1246955.3
1246995.3
1247024.4
1247514.3
1247649.3
1247726.3
1248232.3
1248438.3
1248727.3
1248760.3
1248916.3
1248917.3
1249481.3
1249483.3
1249526.3
1249621.3
1249627.3
1249634.3
1249668.3
1249972.4
1249975.4
1249997.6
1249999.4
1250004.4
1250005.3
1250006.5
1250232.4
1250278.4
1254334.3
1254439.12
1255043.3
1255278.4
1256908.3
1257025.3
1257078.4
1259795.3
1260221.3
1260251.3
1260356.4
1260983.3
1261070.4
1261130.3
1261131.3
1261617.3
1261621.3
1262449.8
1262470.4
1262650.3
1262684.3
1262685.3
1262686.3
1262688.3
1262689.3
1262690.3
1262692.3
1262693.3
1262694.3
1262695.3
1262698.3
1262699.3
1262700.3
1262703.3
1262705.3
1262706.3
1262708.3
1262734.3
1262736.3
1262737.3
1262739.3
1262740.3
1262741.3
1262742.3
1262743.3
1262744.3
1262748.3
1262749.3
1262750.3
1262751.3
1262752.3
1262753.3
1262754.3
1262755.3
1262756.3
1262757.3
1262758.3
1262759.3
1262760.3
1262761.3
1262768.3
1262769.3
1262770.3
1262771.3
1262772.3
1262774.3
1262775.3
1262777.3
1262778.3
1262779.3
1262780.3
1262781.3
1262782.3
1262783.3
1262784.3
1262785.3
1262786.3
1262788.3
1262789.3
1262790.3
1262791.3
1262792.3
1262793.3
1262794.3
1262795.3
1262796.3
1262797.3
1262798.3
1262799.3
1262800.3
1262802.3
1262803.3
1262804.3
1262805.3
1262806.3
1262807.3
1262808.3
1262809.3
1262810.3
1262811.3
1262812.3
1262813.3
1262816.3
1262817.3
1262819.3
1262820.3
1262821.3
1262822.3
1262823.3
1262824.3
1262825.3
1262826.3
1262827.3
1262828.3
1262829.3
1262830.3
1262831.3
1262832.3
1262833.3
1262836.3
1262837.3
1262839.3
1262840.3
1262841.3
1262843.3
1262846.3
1262847.3
1262848.3
1262850.3
1262851.3
1262852.3
1262853.3
1262854.3
1262855.3
1262856.3
1262857.3
1262863.3
1262869.3
1262870.3
1262871.3
1262872.3
1262873.3
1262874.3
1262875.3
1262876.3
1262877.3
1262880.3
1262881.3
1262882.3
1262884.3
1262886.3
1262887.3
1262888.3
1262889.3
1262890.3
1262891.3
1262893.3
1262894.3
1262895.3
1262896.3
1262897.3
1262898.3
1262899.3
1262904.3
1262905.3
1262906.3
1262907.3
1262908.3
1262909.3
1262910.3
1262911.3
1262913.3
1262914.3
1262915.3
1262916.3
1262917.3
1262918.3
1262919.3
1262920.3
1262922.3
1262923.3
1262924.3
1262925.3
1262926.3
1262927.3
1262928.3
1262929.3
1262930.3
1262931.3
1262932.3
1262933.3
1262934.3
1262935.3
1262936.3
1262937.3
1262938.3
1262940.3
1262941.3
1262942.3
1262943.3
1262944.3
1262945.3
1262947.3
1262949.3
1262950.3
1262951.3
1262952.3
1262953.3
1262954.3
1262955.3
1262957.3
1262958.3
1262961.3
1262962.3
1262963.3
1262964.3
1262965.3
1262966.3
1262967.3
1262969.3
1262975.3
1262976.3
1262977.3
1262978.3
1262979.3
1262980.3
1263036.3
1263037.3
1263038.3
1263039.3
1263041.3
1263043.3
1263045.3
1263049.3
1263051.3
1263052.3
1263055.3
1263061.3
1263062.3
1263063.3
1263064.3
1263065.3
1263067.3
1263068.3
1263069.3
1263070.3
1263071.3
1263072.3
1263073.3
1263074.4
1263076.3
1263078.3
1263089.3
1263094.3
1263100.3
1263102.3
1263105.3
1263106.4
1263107.3
1263108.3
1263111.3
1263625.4
1263865.4
1263867.3
1263870.3
1264554.4
1265309.4
1265310.3
1265350.3
1265502.3
1265503.3
1265504.3
1265505.3
1265507.3
1265738.3
1265816.5
1265817.5
1265818.5
1265822.4
1265845.4
1265846.4
1265861.3
1265868.3
1266370.3
1266729.3
1266765.3
1266845.5
1266923.3
1266925.6
1266996.3
1266997.3
1266998.3
1267.3
1267.5
1267001.5
1267003.3
1267004.3
1267005.3
1267021.3
1267533.3
1267534.3
1267535.3
1267562.4
1267600.3
1267766.3
1267973.3
1267981.3
1268072.3
1268236.3
1268239.3
1268285.3
1268622.3
1268635.3
1269334.5
1269942.3
1269942.6
1269943.4
1273125.3
1273539.3
1273548.3
1273687.4
1274.3
1274374.4
1274402.6
1274524.3
1274722.3
1276220.3
1276221.3
1276227.3
1276229.3
1276246.3
1276257.3
1276258.3
1276755.3
1276920.7
1277257.4
1278073.3
1278076.4
1278077.4
1278078.4
1278298.3
1278299.3
1278300.3
1278302.3
1278304.3
1278306.3
1278307.3
1278308.3
1278309.3
1278311.3
1279009.4
1279016.3
1279017.3
1279019.3
1279038.3
1280380.3
1280663.3
1280673.3
1280674.3
1280681.3
1280684.3
1280685.3
1280686.3
1280688.3
1280689.3
1280692.3
1280700.3
1280705.3
1280941.3
1280946.3
1280948.3
1280949.3
1280950.3
1280952.3
1280953.3
1280954.3
1282361.3
1282362.3
1282363.3
1282664.3
1282876.3
1282887.3
1283283.4
1283286.3
1283287.3
1283299.3
1283300.3
1283301.3
1284.6
128403.3
1284240.4
1284664.3
1284680.3
1284686.3
1284708.3
1284775.3
1285583.3
1286.18
1286094.4
1286106.3
1286170.3
1286171.3
1286308.3
1286364.3
1286376.4
1286528.3
1286631.3
1286632.3
1286635.3
1286821.3
1286822.3
1287056.3
1287475.3
1287488.3
128780.6
128785.3
1288.59
1288079.3
1288080.3
1288082.3
1288083.3
1288298.3
1288484.3
1288494.3
1288826.3
1288963.3
1288971.3
1289135.4
1289387.3
1291050.4
1291051.3
1291052.5
1291379.3
1291534.3
1291734.4
1291737.4
1291743.3
1292020.3
1292021.4
1292022.3
1292023.3
1292027.3
1292032.3
1292033.3
1292035.3
1292036.3
1292037.4
1292048.3
1292373.3
1293.6
1293045.4
1293054.3
129338.5
1293439.3
1293597.4
1293598.3
1293911.3
1294020.3
1294023.3
1294142.3
1294143.3
1294261.13
1294263.3
1294265.3
1294273.3
1295.23
1295128.3
1295141.3
1296415.3
1296990.3
1297569.3
1298593.3
1298596.3
1298597.3
1298598.3
1298857.3
1298860.3
1298861.3
1298863.3
1298866.3
1298867.3
1298913.3
1299327.3
1299332.3
1299333.3
1299334.3
1299998.3
1300035.3
1300143.4
1300150.4
1300222.3
1300343.3
1300343.5
1300345.3
1300348.6
1300350.3
1300350.4
1301087.3
1301098.3
1301100.3
1302241.3
1302242.3
1302243.3
1302244.3
1302272.5
1302286.3
1302425.3
1302648.3
1302858.3
1302863.3
13035.3
1303518.3
1303692.3
1304.173
1304275.5
1304281.5
1304284.3
1304865.3
1304866.3
1304872.3
1304874.3
1304875.3
1304877.3
1304880.3
1304881.3
1304883.3
1304884.3
1304885.3
1304886.3
1304888.3
1304892.4
1305731.4
1305734.3
1305735.4
1305737.4
1305737.6
1305739.3
1305836.3
1305837.3
1306174.4
1306406.3
1306407.3
1306947.3
1306953.7
1307436.3
1307437.4
1307759.4
1307761.3
1308.54
1308866.3
1309411.5
1310164.3
1312234.3
1312852.3
1312954.3
1312959.3
1313.10302
1313067.3
1313171.3
1313265.4
1313291.3
1313292.3
1313294.3
1313301.3
1313304.3
1313421.4
1314.192
1314958.3
1315976.3
1316408.3
1316409.3
1316414.3
1316444.3
1316932.3
1316936.3
1317118.6
1317122.7
1317124.6
1318466.3
1318617.3
1318628.3
1318633.3
1318743.3
1319815.3
1320556.3
1321368.3
1321606.5
1321772.3
1321778.3
1321779.3
1321781.3
1321784.3
1321814.3
1321815.3
1321816.3
1321818.3
1321819.3
1321820.3
1323361.3
1323663.3
1324350.3
1324352.5
132474.18
1325130.3
1325933.3
1325934.3
1326758.3
1328313.3
1329250.14
1329411.4
1329516.3
1329640.3
1329909.3
1330035.3
1330036.3
1330330.3
1330458.3
1330531.3
1330700.3
1331007.4
1331060.3
133190.4
1332070.3
1332188.3
1333848.3
1333854.3
1333857.3
1333998.3
1334046.3
1335616.4
1335757.3
1335760.3
1336208.3
1336232.3
1336233.3
1336234.3
1336235.4
1336237.3
1336240.3
1336241.3
1336243.3
1336245.3
1336249.3
1336803.3
1337093.3
1337936.3
1337958.3
1338009.3
1338011.4
1338436.3
1339234.3
1339239.3
1339243.3
1339244.3
1339247.3
1339252.3
1339253.3
1340430.3
1340434.3
1340493.3
1341154.3
1341157.4
1341646.3
1341679.3
1341683.3
1341692.10
1341695.3
1342299.3
1342301.3
1342302.3
1342794.3
134287.3
1343158.3
1343740.8
1344012.3
1344956.3
134537.4
1345695.3
1345697.3
1346.30
1346330.5
1346613.3
1346614.3
1346710.3
134676.3
1346790.4
1346791.3
1347087.3
1347342.6
1347366.3
1347368.3
1347369.4
1347392.3
1347393.3
1348114.3
1348253.3
1348334.3
1348338.3
1348584.3
1348623.7
1348625.4
1348626.3
1348634.3
1348635.3
1348657.5
1348660.3
1348662.3
1348663.4
1348774.3
1348853.3
1348908.3
1348973.3
1349421.3
1349767.4
1349782.3
1349785.3
1349788.5
1349789.5
1349820.3
1349822.3
1351754.4
1352936.5
1352941.4
1353276.4
1353528.6
1353529.3
1353530.3
1353531.3
1353533.3
1353537.7
1353941.3
1354275.3
1354277.3
1354300.3
1354301.3
1354303.4
1354314.3
1354722.3
1354791.3
135487.3
1355015.3
1355015.4
1355371.3
1355376.3
135569.3
1356299.4
1356852.3
1356854.4
1356861.5
135735.6
1357399.3
1357400.3
1358026.3
135826.4
1358411.3
1358423.3
1359168.3
1359174.3
1359184.3
1359208.3
136273.5
1366046.3
1367212.3
1367477.3
1367847.3
136857.5
13689.6
136993.3
1370122.3
1370125.3
1374.4
137591.25
137591.27
1376.123
1377.3
137716.3
137722.3
137838.3
1379159.3
1379258.3
1379270.3
1379686.4
1379698.3
1379858.3
1379870.5
1379910.4
1380346.4
1380347.4
1380348.5
1380353.5
1380354.4
1380355.4
1380356.4
1380365.3
1380380.4
1380385.4
1380386.5
1380388.4
1380389.4
1380390.4
1380391.4
1380392.3
1380394.3
1380412.4
1380600.3
138074.4
1380763.3
1380770.3
1380771.3
1380774.3
1381080.3
1381123.3
138119.41
1381597.3
1382230.3
1382303.3
1382304.3
1382305.3
1382306.3
1382345.3
1382356.3
1382357.3
1382358.3
1382359.3
1382798.3
1384049.3
1384054.3
1384056.3
1384057.3
1384063.4
1384066.3
1384459.3
1384484.3
1385369.3
1385420.3
1385510.3
1385511.3
1385512.3
1385513.3
1385514.3
1385515.3
1385517.3
1385518.3
1385519.3
1385520.3
1385521.3
1385664.3
1385935.3
1386079.3
1386080.3
1386082.3
1387231.3
1387555.3
1388748.3
1388752.3
1389489.3
1391647.3
1391729.3
1392007.3
1392486.3
1392487.3
1392488.5
1392489.4
1392490.5
1392491.3
1392493.3
1392494.3
1392497.3
1392498.4
1392502.3
1392540.3
1392839.3
1394178.3
1394711.4
1394712.3
1395513.3
1395570.3
1395571.3
1395587.3
1396.149
1396141.3
1396858.3
1397.4
1397108.4
1397278.3
1397527.3
1397528.3
1397530.3
1397666.3
1397694.4
1397696.3
1397697.3
1397702.5
1398491.3
1399146.3
1399794.3
1399795.3
1399796.3
1399797.3
1399798.3
1400001.4
1400053.5
1400520.3
1400522.3
1400861.3
1401063.13
1401064.3
1401065.3
1401067.3
1401070.3
1401074.3
1401079.3
1401258.6
1401260.6
1401328.3
1401651.3
1401685.3
1402135.3
1403316.3
1403343.3
1403347.3
1403537.3
1403539.3
1403540.3
1403948.3
1404245.3
1405.10
1405.15
1405296.3
140626.3
1406431.3
1406840.3
1406858.3
1406866.3
1406902.3
1407647.3
1407650.3
1408.93
1408103.3
1408159.3
1408160.3
1408164.3
1408189.4
1408226.3
1408250.3
1408254.3
1408304.3
1408306.3
1408309.3
1408311.3
1408319.3
1408320.3
1408321.3
1408322.3
1408323.3
1408324.3
1408415.3
1408416.3
1408417.3
1408418.3
1408419.3
1408422.3
1408423.3
1408424.3
1408430.3
1408433.3
1408435.4
1408437.3
1408438.3
1408439.3
1408442.3
1408444.3
1408448.3
1408449.4
1408452.3
1408453.3
1408454.3
1408455.3
1408456.3
1408457.3
1408458.3
1408459.3
1408461.3
1408462.3
1408463.3
1408464.3
1408465.3
1408466.3
1408467.3
1408468.3
1408469.3
1408470.3
1408471.3
1408472.3
1408473.3
1408476.3
1408889.3
1410383.3
1410607.3
1410609.3
1410610.3
1410612.3
1410617.3
1410618.3
1410619.3
1410620.3
1410621.3
1410622.3
1410624.3
1410626.3
1410627.3
1410628.3
1410630.3
1410631.3
1410632.3
1410633.3
1410634.3
1410638.3
1410649.3
1410650.3
1410651.3
1410653.3
1410656.3
1410657.3
1410659.3
1410668.3
1410671.3
1410674.3
1410676.3
1411022.3
1411123.3
1413510.3
1414648.4
1414718.3
1414719.3
1414851.3
1415166.3
1415542.3
1415544.3
1415546.3
1415551.3
1415557.3
1415558.3
1415657.3
1415756.3
1415773.3
1415775.6
1415778.3
1415779.3
1415780.3
1415781.3
1416752.5
1416753.3
1416759.3
1417229.3
1417230.3
1417296.3
1418104.5
1418105.3
1420591.5
1420916.4
1420917.4
1421013.3
1423144.3
1423321.9
1423323.5
1423715.3
1423719.4
1423720.3
1423722.3
1423725.3
1423726.3
1423727.3
1423729.3
1423730.3
1423731.3
1423733.3
1423735.3
1423738.3
1423739.3
1423742.3
1423744.4
1423745.4
1423746.3
1423749.3
1423750.3
1423752.3
1423761.3
1423763.3
1423765.4
1423769.4
1423770.3
1423776.4
1423777.3
1423778.4
1423781.4
1423782.4
1423783.3
1423784.4
1423785.3
1423786.3
1423792.3
1423794.3
1423795.5
1423796.3
1423801.4
1423802.4
1423803.3
1423804.3
1423805.4
1423810.3
1423811.3
1423812.3
1423813.3
1423821.4
1423892.3
1423893.6
1427391.3
1427503.5
1427517.3
1427518.3
1427984.3
1428626.3
1428628.3
1429438.4
1429439.4
1429851.3
1429916.3
1430440.4
1430899.3
1432060.3
1432061.3
143224.4
1432553.3
1432557.3
1432558.3
1432561.3
1432657.3
1433126.3
1433289.7
1434325.3
1435356.3
1437425.3
1437444.3
1437448.3
1437453.6
1437523.3
1437603.3
1437605.3
1437605.7
1437606.3
1437607.3
1437608.3
1437609.3
1437610.3
1437824.5
1439940.3
1440053.3
1440763.5
1440765.4
1440774.4
1441095.3
1441629.3
144183.3
1441930.4
1442598.4
1442599.3
1443103.3
1443104.3
1443111.3
1443112.3
1443113.3
1443120.3
1443435.6
1443665.3
1444306.3
1444307.3
1444314.3
1444315.4
1444712.3
1444768.4
1444770.3
1445512.3
1445513.3
1445514.3
1445515.3
1445607.3
1446473.3
1446475.3
1446495.3
1447715.5
1447716.4
1448132.3
1448135.3
1448139.3
1448143.3
1448389.3
1448857.3
1449045.3
1449046.3
1449049.3
1449050.3
1449058.3
1449063.3
1449069.3
1449070.3
1449080.3
1449087.3
1449335.3
1449336.3
1449337.3
1449338.3
1449340.3
1449342.3
1449343.3
1449345.3
1449346.3
1449347.3
1449350.3
1449351.3
1449352.3
1449353.3
1449355.3
1449976.3
1450525.5
1450526.3
1450694.3
1450761.3
1451.18
1451189.3
1451353.3
1452721.3
1453349.3
1453496.5
1453498.8
1453500.3
1453999.3
1454000.3
1454001.3
1454002.3
1454004.3
1454005.3
1454007.3
1454010.3
1454200.3
1454201.3
1454202.3
1454373.5
145458.9
1455.4
1455.5
1455061.4
1455638.3
1457173.3
1458425.3
1458426.3
1458461.3
1458462.3
1458463.3
1458469.3
1459803.3
146020.3
1460635.3
1460636.3
1460637.3
1460639.3
1460643.3
1460644.3
1460650.3
1460652.3
1460653.3
1461260.3
1461577.3
1461581.3
1461693.3
1461694.3
1461752.3
1462526.3
1462527.3
1463156.3
1463820.3
1463821.3
1463825.3
1463833.3
1463854.3
1463856.3
1463857.3
1463858.3
1463881.3
1463920.3
1463934.3
1464061.3
1464078.3
146536.3
146827.5
146891.8
146907.3
146922.3
1469245.3
1469502.3
1469557.3
1469607.3
1469613.3
1469948.3
1470200.3
1470557.4
1471202.3
1472418.3
1472719.3
1473.5
1473546.3
147467.8
1476577.3
1476583.3
1476857.3
1476877.3
1478.10
1478175.3
1479.5
1479235.3
1479235.4
1479237.4
1479238.4
1479239.4
1479485.3
1479651.3
1480694.3
1481914.3
1481919.3
1481922.3
1481926.3
1481930.3
1482738.3
1484157.3
1484460.3
1485007.3
1486262.3
1487711.3
1487921.3
1487953.3
1487956.3
148814.16
148814.8
148942.118
1489678.3
1491.426
1492.48
1492281.3
1492737.3
1492738.3
1494608.3
1496689.3
1497615.3
1497681.5
1498499.3
1499107.3
1499498.3
1499500.3
1499680.3
1499681.3
1499683.3
1499684.4
1499686.3
1499687.3
1499689.4
1499966.3
1499967.3
1499968.3
1500258.3
1500261.3
1500279.3
1500284.3
1500286.3
1500289.3
1500290.3
1500891.3
1500894.3
1501230.3
1501269.3
1501391.3
1502724.3
1502851.3
150340.18
1503925.3
1504156.3
1504672.3
1504822.4
1504823.3
1504981.3
1505.7
1505596.4
1505597.4
1505605.3
1505932.3
1505946.3
1506585.3
1506586.3
1506994.3
1507.3
1508404.3
1509403.3
1509405.4
1510531.3
151081.9
1514668.3
1514904.3
1515334.3
1515612.3
1515613.3
1515615.3
1515617.3
1515746.3
1517416.3
1518501.4
1519.11
1519190.3
1519438.3
1519439.3
1519464.4
1519489.3
1519490.3
1519492.3
1519494.3
1519495.3
1522072.3
1522307.3
1522308.4
1522310.3
1522311.4
1522317.3
152297.3
1523413.3
1523416.3
1523417.3
1523420.3
1523423.3
1523425.4
1523427.4
1523430.3
1523621.3
1525218.3
1525715.3
1525717.3
1526658.3
1526927.3
1527293.3
1528098.3
1528106.3
1529006.3
1529886.3
1531429.3
1532555.3
1532558.3
1535750.3
1536633.3
1536635.3
1536636.3
1536641.3
1536651.3
1536652.3
1536772.3
1536773.3
1536775.3
153721.3
1537504.3
1537715.3
1537917.3
1537994.3
1538.8
1538294.3
1538295.3
1538553.4
1538639.3
1538640.3
1538644.4
1539062.3
1539063.3
1539064.3
1539066.3
1539298.3
153948.4
1540221.3
1540257.3
1541197.3
1541959.3
154288.6
1543381.3
1543706.3
1544413.3
1544416.3
1545691.3
1545702.3
1545728.4
1547437.3
1547445.3
1547516.3
1547578.4
1548.3
1548018.3
1548149.3
1548150.3
1548151.3
1548152.3
1548153.3
1548750.3
1549858.3
1550035.3
1550073.3
1550091.3
1550399.3
1550400.3
1550401.3
1550402.3
1552121.3
1552123.3
155892.3
1560201.3
1560217.3
156205.4
1562701.3
1562888.3
1564114.4
1564681.3
1564956.3
156578.3
156586.6
1565991.4
1566023.4
1566026.4
1566358.3
1566387.3
156889.10
156976.3
156978.3
1571774.3
1571877.3
1572646.3
1572701.3
1572751.3
1574409.3
1574475.3
1575.3
1576605.3
1577051.3
1577588.3
1577792.3
157782.3
157783.3
1577895.3
1577904.3
1578.21
157838.3
1578720.9
1578971.3
1579316.3
1580530.3
1580539.3
1580831.4
1581033.3
1581037.3
1581038.3
1581149.3
1581420.6
158189.3
158190.3
1583.20
158500.4
1585974.3
1587522.3
1587527.3
158787.3
1588022.3
158822.6
158822.7
158879.11
1590.150
1590596.3
1590651.3
1590652.3
159087.6
159290.4
159450.34
1600.4
1601.5
1602169.3
1603292.4
1603293.4
1603606.3
1603897.4
1604020.3
1604022.3
1604834.3
1604835.3
1604836.3
160488.4
160490.10
160492.11
1605.9
160660.4
160791.5
160799.4
160808.5
1609098.3
1609099.3
1609133.3
1609134.3
1609137.3
1609758.3
1609975.3
1609977.7
161156.3
1612.27
161398.10
1614.7
161528.3
161544.4
1615890.4
1616.3
1616788.3
1617025.3
1618207.4
161896.4
161899.3
1619232.5
1619947.3
1620.3
1620421.3
162160.3
1622072.3
1622073.3
1622075.3
162209.4
1622269.3
1624.19
1628191.3
1628212.3
1628278.3
1628279.3
1629.5
1629124.3
1629709.5
1629710.3
1635005.3
1637975.4
1638.4
1638161.3
1638163.3
163908.3
1640685.3
1641401.3
1641402.3
1641875.4
1642040.3
1642570.3
1642949.3
1643450.3
1643451.3
1643452.3
164546.7
1645914.3
1645915.3
1645916.3
1646498.3
164756.15
164757.10
1648404.4
1649580.3
1649647.5
1650571.4
1650661.3
1652545.3
1654716.4
165597.4
1657.3
1658008.3
1658009.3
1658112.3
1658765.3
1658766.3
1661.13
1661.15
1662190.3
1663685.3
1670446.3
1670619.3
1672219.3
1673722.3
1674291.3
167539.5
167542.7
167546.4
1675527.3
1676614.3
1676616.3
1678028.3
1678129.3
1678131.4
1678637.3
167879.5
1679168.3
1679169.3
1679170.3
1681196.3
1681197.3
1681828.3
1682204.3
1684141.3
1684142.3
1684143.3
1684144.3
1684385.3
1687.3
1688.3
1688405.3
1690037.3
1690245.3
1690248.3
1691891.3
1692.3
1692239.3
1692241.3
1692501.3
1693.3
1695218.3
1696094.3
169760.4
1698.4
169963.11
1700845.4
170187.11
1703.6
1704044.3
1704277.3
1705110.3
1705393.3
1705566.3
1706231.5
170661.3
1707785.3
1711.3
171101.6
1712029.3
171280.3
1713.3
1714344.3
1714373.3
1715691.4
1715693.3
1715989.4
171693.3
1717.62
1720300.3
172043.3
172088.3
1723761.3
1724.6
1725.5
1725411.3
1727.3
1729724.3
1732019.3
1732020.3
1735670.3
1735678.3
1735683.3
1735688.3
1735690.3
1735693.3
1736215.3
1736216.3
1736225.3
1736232.3
1736245.3
1736251.3
1736272.3
1736273.3
1736276.3
1736280.3
1736282.3
1736285.3
1736289.3
1736291.3
1736292.3
1736296.3
1736301.3
1736307.3
1736308.3
1736311.3
1736323.3
1736325.3
1736327.3
1736330.3
1736331.3
1736333.3
1736336.3
1736338.3
1736339.3
1736341.3
1736343.3
1736345.3
1736346.3
1736349.3
1736350.3
1736351.3
1736353.3
1736358.3
1736364.3
1736366.3
1736367.3
1736369.3
1736370.3
1736373.3
1736378.3
1736381.3
1736382.3
1736390.3
1736391.3
1736393.3
1736394.3
1736395.3
1736397.3
1736399.3
1736402.3
1736406.3
1736408.3
1736409.3
1736410.3
1736413.3
1736415.3
1736416.3
1736426.3
1736429.3
1736431.3
1736433.3
1736434.3
1736436.3
1736443.3
1736445.3
1736446.3
1736447.3
1736455.3
1736456.3
1736457.3
1736458.3
1736469.3
1736473.3
1736474.3
1736475.3
1736477.3
1736478.3
1736483.3
1736484.3
1736486.3
1736488.3
1736490.3
1736492.3
1736495.3
1736496.3
1736498.3
1736501.3
1736504.3
1736507.3
1736511.3
1736520.3
1736524.4
1736525.3
1736528.3
1736531.3
1736532.3
1736537.3
1736540.3
1736543.3
1736544.3
1736549.3
1736550.3
1736552.3
1736553.3
1736555.3
1736562.3
1736569.3
1736570.3
1736576.3
1736580.3
1736584.3
1736586.3
1736587.3
1736591.3
1736592.3
1736594.3
1736600.3
1736601.3
1736609.3
1736612.3
1736675.3
1740090.3
174145.3
1742359.3
1746199.3
1748.12
1749074.3
1750561.3
1750590.3
1759079.3
176279.9
176280.10
1762962.3
176299.10
1765.317
1766.6
1766622.3
1768108.4
1771.11
1771959.3
1772274.3
1772278.3
1774.35
177416.18
177437.4
177439.6
1778.10
1784.14
178901.10
178901.12
1791.3
179408.3
180195.5
180281.4
180332.3
1807.13
1807.14
182217.3
183763.4
1844.3
184925.3
186490.3
1869.4
187272.10
187303.17
187330.3
187410.11
188626.3
1888.4
1889.10
1893.3
189381.12
189382.4
189425.5
189426.6
189518.3
1896.3
189753.3
189918.11
190304.8
190485.4
190486.7
1906.10
190650.5
1907.4
190893.12
191292.16
191292.17
191610.3
192.50
192.7
192222.6
1923.5
1927.3
193461.3
1938.3
1943.3
1944.3
194439.7
194867.4
194963.24
195.429
195088.3
195102.6
195103.10
195250.3
195253.3
1957.3
1961.4
1961.5
196162.12
196164.6
196367.5
196600.6
196627.13
196627.14
1967.3
1968.3
197221.4
198094.11
198107.6
198214.7
198422.3
198628.6
198804.5
198822.17
199.248
1996.3
2002.3
202.4
2026.3
203119.11
203120.7
203122.15
203123.7
203124.6
203267.6
203275.8
203907.6
2045.3
204536.4
204669.11
2047.9
204722.5
204773.6
2055.3
205913.6
205914.11
205918.7
205920.11
205922.5
2064.6
206403.3
206672.9
2074.4
207559.7
207949.3
207954.4
208435.3
208439.3
208444.4
208596.3
208964.12
209261.6
2094.20
210007.7
211114.3
211165.4
2113.3
211586.12
211589.4
212042.8
212717.8
213554.3
2138.4
213810.4
214092.21
215689.3
215803.3
216.5
216142.3
216389.10
216432.7
216463.3
216591.5
216594.6
216595.4
216596.11
216778.7
216895.17
216942.3
216946.3
218140.3
218284.3
218284.4
218491.5
218493.5
218495.5
218497.5
218936.3
219305.4
220341.7
220664.5
220668.9
220714.3
220754.4
221027.3
221109.4
221126.3
221359.3
221360.4
221988.4
222534.3
222891.8
223184.11
223283.9
223900.3
223926.6
224013.5
224308.43
224324.8
224326.49
224911.5
224914.11
224915.9
225326.4
225843.5
225849.4
225937.3
225992.4
226185.9
226186.12
226900.8
227377.7
227882.9
227941.6
228400.7
228405.9
228410.6
230089.6
232348.3
232363.3
2325.3
232721.9
233150.7
233316.3
233412.5
233413.5
2340.3
234267.13
234621.6
234826.6
234831.3
235279.5
235909.7
235985.3
236097.3
236814.5
237609.3
237727.5
240015.3
240016.6
240292.6
242163.4
242231.10
2423.14
242619.8
243090.15
243159.4
243160.12
243161.6
243164.10
243230.17
243231.5
243233.7
243265.5
243272.4
243273.25
243274.5
243275.7
243276.5
243277.26
243365.4
243924.3
244292.6
244581.5
244592.3
245012.3
245014.3
245018.3
246167.18
246194.6
246195.4
246196.19
246197.24
246198.10
246199.4
246200.7
246273.3
246432.6
246787.4
247156.8
247490.3
247633.3
247634.3
247639.3
249567.6
251221.4
251229.3
251747.14
252305.5
253.10
253839.3
254757.3
254945.25
254945.26
255470.8
257309.4
257313.5
257314.6
257363.4
258052.3
258533.3
258594.8
259536.19
260799.14
260936.4
261164.3
261292.4
261317.3
261594.21
262316.17
262543.8
262698.4
262719.5
262723.5
262724.6
262768.5
263358.5
263438.4
263474.3
264198.6
264199.4
264201.15
264202.11
264203.5
264251.5
264459.3
264462.9
264730.9
264731.4
264732.11
265072.11
265311.5
265668.3
265726.11
265726.7
266117.10
266128.3
266264.9
266265.5
266748.6
266749.4
266762.5
266779.9
266809.3
266834.11
266835.9
266940.11
267608.8
267671.5
267747.3
267748.5
268407.5
269084.6
269454.3
269482.11
269484.6
269536.3
269796.9
269798.16
269799.8
269800.6
2702.92
270351.10
270351.6
271065.3
271848.6
272123.3
272129.4
272134.4
272558.8
272559.17
272560.6
272561.5
272562.8
272563.8
272564.6
272568.11
272568.12
272620.9
272621.13
272623.7
272624.6
272626.9
272627.4
272630.7
272631.5
272632.4
272633.4
272634.6
272635.4
272843.6
272942.6
272943.9
272944.4
272947.5
272951.4
273035.7
273068.5
273119.6
273121.8
273123.10
273526.11
273677.3
273678.4
2743.3
2754.13
276.5
278137.3
278197.12
278957.5
278963.3
279010.13
279113.9
279215.4
279238.18
279360.4
279714.3
279808.8
28031.4
28034.12
28042.5
28052.3
28072.8
28083.5
28084.5
280871.6
28091.3
28092.6
28095.12
281090.11
28115.8
28116.7
281309.8
28141.40
281689.4
28188.5
28189.3
282197.4
28229.3
28229.4
28258.4
283165.4
283166.5
283942.6
284031.3
28444.3
284502.6
284581.3
285535.3
285568.3
285983.3
287752.3
288000.8
288705.4
289376.4
289377.5
289397.4
290055.3
290315.5
290317.9
290318.6
290338.8
290339.8
290340.10
290397.18
290398.11
290399.4
290400.10
290402.41
290434.5
290512.6
290633.11
291112.3
291272.6
291331.8
291985.4
292222.4
292414.10
292415.6
292459.5
292563.3
292564.3
292800.6
292805.6
292913.6
29311.21
29343.3
29354.3
293613.4
293614.5
29379.8
293826.6
29385.56
29388.43
29422.6
29433.3
29447.3
29448.7
29486.45
295319.15
295358.5
295405.11
29554.3
29555.3
29556.3
29559.29
29559.30
29581.5
296.7
296591.12
297352.8
298386.8
298653.7
298654.4
298655.3
300267.13
300268.11
300269.12
300852.9
301302.3
301302.4
302409.5
303541.3
303682.3
304766.4
305700.3
305900.3
306263.5
306264.5
306537.10
307480.5
307486.5
307502.4
309798.4
309799.4
309801.4
309803.4
309807.25
310037.4
311402.9
311403.8
311410.10
311410.12
311410.13
311424.5
312153.5
312284.4
312309.11
313367.4
313589.5
313590.6
313590.8
313594.4
313595.4
313596.4
313598.6
313603.6
313606.3
313628.3
314225.8
314230.4
314231.3
314232.4
314254.5
314256.5
314260.8
314262.5
314264.4
314265.3
314266.4
314270.3
314275.5
314276.4
314277.4
314278.4
314282.5
314283.5
314285.4
314287.3
314289.8
314292.23
314315.12
314607.3
314608.4
314722.6
314723.4
314724.4
315456.7
315730.11
315749.8
315750.8
316.108
316.77
316.98
316055.16
316056.16
316058.11
316067.3
316273.10
316274.7
316275.15
316278.4
316279.6
316330.3
317018.4
317025.9
317619.5
317655.17
317936.3
318161.16
318167.14
318424.3
318464.3
318586.5
319224.16
319225.5
319236.3
31954.3
31964.6
319652.3
319653.3
319795.16
319938.3
32019.17
32024.3
320388.7
320483.3
32049.15
32051.5
32057.3
320771.5
320778.3
321327.21
321332.11
321955.4
321961.3
321967.11
322095.3
322098.25
322710.5
322866.4
323097.6
323098.6
323261.6
323848.4
323850.11
324057.4
324602.8
324831.13
324925.5
325240.15
325473.3
325775.3
326297.10
326298.7
326423.5
326424.15
326425.4
326426.4
326427.4
326442.8
327095.3
327277.3
329.17
329726.14
330084.3
33009.3
330214.5
33033.4
33050.6
330734.3
331104.5
331113.3
331272.8
331635.3
331636.3
331636.7
331678.5
331679.3
331869.3
333138.6
333849.13
334390.5
334413.6
334545.3
334735.4
335283.9
335284.6
335541.7
335543.9
335659.3
335992.9
336407.7
336566.3
337191.3
338187.36
33876.3
33883.3
338963.6
338966.9
338969.11
33905.21
33934.3
33935.3
339656.4
339670.8
339671.7
339854.8
339866.4
33989.4
340021.5
34004.7
340047.17
34007.4
340099.6
340100.3
340177.11
340322.5
34062.3
34073.19
342002.3
342108.9
342451.11
342610.6
342955.4
343013.3
343509.12
344747.3
344882.3
345219.8
345309.4
345632.6
345663.6
346179.4
347254.3
347255.3
347256.5
347257.7
347834.17
348151.3
348824.6
349102.13
349106.9
349124.8
349161.6
349163.14
349519.10
349520.5
349521.8
349741.6
349965.6
349966.5
349967.4
349968.5
350058.8
350688.5
350701.6
351016.3
351348.9
351605.6
351607.8
351627.8
351671.5
351745.9
352211.3
355249.3
355276.3
35620.3
35623.3
356829.3
357244.4
35754.4
35755.3
35760.3
357804.7
357808.5
357809.8
358.67
358.73
35806.4
35817.26
358220.3
35841.3
358681.3
359.22
359131.3
359159.3
359391.4
360095.6
360104.9
360105.8
360106.6
360107.7
360313.3
360910.4
360911.3
361041.3
361183.4
361575.7
362242.7
362257.4
362413.3
362418.5
362837.3
362948.14
363253.5
363754.4
363870.5
363953.4
365044.20
365046.3
365659.3
366394.8
366522.7
366602.8
367299.4
367336.3
367737.6
367928.6
36809.5
36816.3
36868.4
36870.6
36874.8
36874.9
36875.3
369723.5
370438.4
370622.3
370622.4
371042.3
371731.3
372461.17
372781.4
37332.7
37372.7
373903.5
373994.3
374463.5
374846.3
375286.7
375451.14
376.36
376219.5
37659.3
376686.10
376733.3
37692.4
377431.3
377629.3
378753.5
378806.8
379066.3
379097.7
37916.4
37923.8
379731.5
379893.5
380394.4
380703.7
380749.5
381.14
381.20
381.35
381666.6
381764.8
382245.13
382464.3
382638.14
382640.5
38300.4
38301.3
38312.3
38313.12
383372.6
383381.3
383629.4
384.6
384035.3
384676.9
384765.3
385025.3
385682.4
385957.3
386043.9
386415.7
386585.9
386656.9
387092.6
387093.6
387344.15
388357.3
388399.4
388401.3
388413.5
388467.6
388739.3
388919.9
389348.3
390333.7
390874.12
390989.3
391.5
391009.9
391036.3
391037.6
391038.7
391165.9
391295.8
391574.12
391587.3
391589.3
391591.24
391592.5
391593.3
391595.3
391596.3
391598.3
391600.3
391601.3
391603.3
391612.5
391613.3
391615.3
391616.3
391619.3
391624.3
391625.5
391735.7
391936.3
391937.3
392416.3
392499.14
392500.6
393305.7
393595.15
393921.5
394.7
394098.5
394104.9
394221.8
394503.7
39482.3
395019.8
395493.3
395494.4
395495.5
395961.9
395962.4
395963.13
395965.5
396014.3
396268.3
396513.4
396588.4
396595.4
396598.3
397945.6
398511.4
398525.3
398527.4
398578.5
398579.7
398580.10
398767.5
39960.3
399726.7
399739.8
399741.7
399742.10
400092.3
400095.4
40041.11
400667.7
400668.8
400772.4
400946.5
401053.4
401472.3
401473.3
401562.4
401614.12
402289.3
402612.5
402626.5
402881.8
402882.13
40318.3
40324.139
40335.7
403833.7
403957.5
404380.4
404589.10
405444.3
405566.6
405946.3
405948.11
405948.14
406124.6
406817.27
406818.4
407035.3
40754.3
407976.7
408015.6
408672.3
411154.11
411235.3
411459.7
411460.6
411461.4
411462.6
411463.4
411464.8
411465.10
411466.7
411468.9
411469.3
411470.6
411473.3
411474.6
411475.3
411477.4
411483.3
411486.3
411489.7
411490.6
411684.3
411901.7
411902.9
411903.6
412418.11
412419.20
412597.3
412965.8
413404.11
413999.7
41431.8
414684.5
414750.3
414996.3
41514.7
416213.3
416269.6
416276.5
416591.5
419475.3
419610.10
420246.7
420336.5
420662.15
420889.6
420890.5
42094.4
420998.4
421052.3
421072.8
421767.3
422288.4
422289.4
422296.3
42234.21
42253.5
42256.3
424757.3
425104.7
425400.3
42565.3
426114.10
426117.7
426355.14
426716.3
427683.5
428125.8
428126.7
428127.7
428128.14
429009.3
429727.3
431269.3
431306.5
431489.3
431943.8
431947.7
432331.4
43263.4
434085.3
434131.3
435590.9
435591.13
435830.3
435832.3
435837.3
435838.3
435897.5
435908.3
436113.7
436114.4
43658.5
43658.7
43662.8
436717.3
438753.4
439235.4
439292.5
439375.7
439493.6
439496.3
43989.4
44008.19
440085.6
44060.3
441166.4
441620.7
441768.5
441769.6
441771.6
44251.7
44252.3
442562.3
442563.4
443143.4
443144.3
443152.3
443218.3
443254.7
443255.8
443342.3
443598.3
443610.3
443906.13
444103.5
444177.5
444178.3
444461.3
444612.3
445337.5
445600.3
445709.3
445710.3
44574.3
44577.3
445932.6
445961.5
445970.5
445971.6
445972.6
445973.7
445974.6
445975.6
445987.3
446462.6
446465.5
446466.7
446468.6
446469.6
446470.6
446471.6
446860.3
447217.5
44742.4
447454.3
447456.3
448385.16
449.5
449393.3
449447.4
449673.7
450380.4
450396.6
45056.6
45065.4
45068.5
45070.6
45073.5
450749.3
450851.6
451.7
452.5
452084.6
452471.5
452637.7
452638.4
452652.3
452659.4
452662.3
452863.6
45361.3
454.4
454194.3
455.5
455436.3
455488.5
455632.4
456.5
45610.4
456481.4
456827.3
457396.3
457398.5
457402.3
457405.3
457415.3
457421.5
457422.3
457425.27
457425.4
457427.3
457428.4
457429.3
457431.3
457570.14
458.5
458233.11
458817.8
459347.3
45979.3
460265.11
46234.3
46256.5
463191.3
465515.4
465543.3
465817.9
465820.3
466038.3
466088.5
467085.7
467094.3
467174.5
467200.3
467661.3
467705.9
468059.3
468556.3
46914.3
469371.5
469378.5
469383.5
469595.3
469596.3
469599.3
469607.3
469610.4
469613.3
469615.3
469616.3
469617.3
469618.3
470.1295
470145.6
470146.3
470934.10
471223.3
471472.4
471514.4
471821.5
471852.6
471853.5
471854.5
471855.5
471856.5
471857.5
471870.8
471871.7
471875.6
471881.3
472175.3
472759.3
473781.5
47500.9
476272.21
476281.3
476652.3
47716.4
477184.5
477245.3
47760.3
477641.3
477974.6
47839.3
47853.6
478741.3
478749.5
478801.5
47885.7
47917.8
479430.3
479431.6
479432.6
479433.5
479434.6
479435.6
479436.6
479437.5
480224.3
480284.4
480391.4
480418.7
480520.3
481009.3
481446.4
481448.7
481743.5
482234.3
483179.4
483215.6
483216.6
483217.6
483218.5
483219.12
483547.12
484018.6
484019.4
484020.3
484022.8
484770.3
485915.5
485916.5
485917.6
485918.6
486410.3
487514.18
487514.3
487521.10
487796.3
487797.3
487909.11
488538.3
48936.3
489653.3
490759.3
491205.5
491915.6
491952.3
492774.4
493475.3
494416.4
494420.8
496833.3
497321.3
497964.5
497965.6
498211.5
498217.4
498367.3
498742.3
498761.4
498848.5
499177.3
500153.3
500632.7
500633.7
500635.8
500637.6
500639.8
500640.5
501479.3
502025.10
502347.3
502558.4
502682.8
502801.6
50340.43
504.11
504472.7
504474.4
504487.3
504487.5
504728.6
504728.9
504832.5
504832.7
505317.4
505682.4
506534.4
50718.3
50743.3
508765.6
509170.6
509191.4
509193.4
50960.5
509635.5
510955.4
511.8
511051.3
511062.4
511145.12
511437.3
511680.4
511995.9
512402.5
512402.8
512564.3
512565.3
512763.3
513049.3
515618.4
515619.6
515620.4
515622.3
515635.4
516466.4
51663.54
517011.3
517417.5
517418.5
517722.3
518634.20
518634.7
518635.17
518635.7
518636.5
518637.5
518766.7
519424.4
519441.6
519989.5
520448.3
520456.3
520459.3
520461.7
520999.6
521003.7
521010.3
521045.3
521095.6
521096.6
521097.5
521098.5
521393.3
521460.8
521674.6
521719.3
522306.3
522373.3
522492.3
522772.6
523791.5
523794.5
525146.4
525245.3
525246.3
525247.5
525254.4
525255.3
525256.4
525257.3
525260.4
525263.3
525264.4
525268.3
525284.18
525309.3
525310.3
525327.3
525328.4
525329.3
525365.3
525366.3
525367.9
525368.3
525370.3
525371.3
525372.3
525373.3
525897.5
525898.7
525903.6
525904.6
525909.11
525919.6
52598.8
526218.6
526222.3
526224.6
526225.7
526226.8
526227.6
526988.3
527000.3
527002.3
527004.3
527005.3
527012.3
52773.3
528244.4
529086.3
529120.14
529122.4
529507.6
529884.3
530564.3
531844.3
53254.4
533240.4
533247.5
53345.7
53501.3
535289.3
536019.3
536227.3
536231.5
537006.5
537007.6
537011.5
537012.5
537013.3
537021.9
537288.4
537970.13
537970.14
537972.5
54062.4
540747.5
540906.3
543728.3
543877.4
544556.5
544580.10
545123.3
545243.4
545264.3
545276.3
545501.3
545693.3
545694.3
545695.3
545696.5
545697.3
545776.3
546263.3
546263.7
546264.5
546266.6
546267.4
546268.4
546269.5
546270.5
546271.3
546271.5
546273.3
546274.4
546275.3
546414.3
547042.5
547045.3
548476.3
548477.4
548478.3
548479.6
549.24
54911.3
550540.3
550542.5
551115.6
551789.3
551947.3
552354.3
552395.3
552396.3
552398.3
552526.8
552811.9
553.3
553171.3
553174.6
553175.3
553177.6
553178.3
553184.4
553190.4
553198.3
553204.6
553207.3
553212.3
553217.3
553218.4
553219.3
553220.3
553385.4
553470.3
553973.6
555079.3
555088.4
555217.8
555500.3
555778.5
555779.3
555793.3
555970.3
556261.3
556262.3
556266.3
556267.4
556268.6
556269.4
556270.3
557436.4
557598.3
557599.3
557723.8
55779.3
558151.6
558152.5
558169.3
558173.3
558173.4
55969.3
56107.3
56110.3
561175.3
561177.4
561180.13
561180.4
561229.3
561230.3
561231.5
56192.3
56193.3
562.7382
562019.3
562729.3
562743.4
562970.4
562973.4
562982.3
562983.3
563008.3
563040.3
563191.3
563192.3
563193.3
563797.5
564415.3
56448.29
56458.12
565034.3
565050.3
565443.5
565575.4
565653.4
565655.4
566461.4
566466.4
566550.8
566551.4
56689.4
56780.15
568703.9
568707.3
568814.3
568815.3
568816.4
568817.3
569857.6
570268.3
570277.3
570417.4
570509.6
571.62
571166.3
571915.4
572265.5
572418.5
572477.4
572479.3
572480.3
572544.3
572547.3
573060.9
573061.5
573062.4
573065.6
573066.3
573370.3
573413.5
573569.4
574087.3
574376.4
574556.4
574966.4
575.7
575540.3
575564.3
575565.3
575586.4
575587.3
575588.3
575589.3
575590.3
575593.3
575594.3
575605.3
575609.3
575611.3
575614.3
575615.3
575788.5
576611.7
576784.4
577470.3
577650.3
579138.3
579405.3
579478.3
579483.3
579484.3
580327.4
580331.4
580332.5
580340.6
58049.4
58051.5
581103.5
58133.4
582402.5
582475.4
582515.4
582680.6
582680.7
582744.3
582899.7
583345.3
583355.3
583358.4
58344.4
584708.3
585054.5
585056.7
585057.6
585199.3
585394.18
585423.3
585425.3
585501.3
585502.3
585503.3
585506.3
585524.3
585529.3
585530.3
585531.4
586416.3
588581.3
588858.6
589861.3
589865.4
589873.3
590061.5
590998.5
591001.3
591023.4
591158.3
591159.3
591167.6
591365.3
59196.3
592010.4
592015.5
592022.4
592026.3
592028.3
592029.3
592031.3
592316.4
592678.3
59310.6
59374.5
59374.8
593907.5
594679.4
59505.5
595434.4
595460.3
595494.3
595536.4
595537.3
59561.3
596151.4
596152.3
596153.4
596154.3
596315.3
596318.3
596323.3
596324.3
596328.3
596329.3
596330.3
59748.8
59843.4
598467.3
598659.3
59919.7
59920.5
59931.4
600809.5
604331.3
60480.19
60481.13
60547.6
608506.3
608534.3
608538.3
610130.3
61015.4
613026.4
614083.3
61435.5
61635.6
61647.10
61648.5
616990.3
616991.3
617126.3
620914.3
621372.3
622312.4
622637.3
624.361
626369.3
626418.3
626522.3
626523.3
626887.3
626939.3
627192.4
629262.5
629263.4
62928.8
629741.3
629742.3
62977.6
629773.3
630626.3
631362.4
631454.5
63186.3
632245.3
632292.3
632335.8
632348.3
632516.3
632518.3
633131.3
633145.4
633147.4
633149.4
633697.3
634176.4
634177.7
634452.3
634499.3
634500.5
634503.3
634504.3
634956.3
635013.3
63737.11
637387.12
637389.3
637390.5
637616.3
637905.5
637909.5
637910.3
637971.3
638300.3
638301.3
638302.3
638303.3
639030.3
639282.3
639283.3
640081.3
640131.3
640132.3
640510.4
640511.6
640512.4
640513.3
641107.3
641112.4
641118.3
641143.3
641144.3
641146.3
641147.3
641149.3
641491.3
641524.5
641526.4
641549.4
642227.3
642492.3
643473.3
643561.4
643562.6
643648.3
643867.3
644076.3
644107.3
644282.4
644283.4
644284.3
644548.3
64471.13
644966.3
644968.4
645127.4
645465.3
645512.3
645991.3
646529.3
648757.4
648996.5
648999.4
649.3
649349.3
649638.3
649639.5
649742.3
649743.3
649754.3
649757.3
649760.3
649761.3
649764.3
649831.3
650150.7
65093.3
651182.5
651822.3
652.5
652017.6
652620.3
653045.3
653733.4
65393.13
654.45
65497.3
655438.3
655811.4
655812.3
655815.4
656024.3
656519.3
65700.7
657308.3
657309.4
657310.3
657313.3
657314.3
657316.3
657319.3
657321.5
657322.3
657323.3
657324.3
65786.3
658081.3
658082.3
658083.3
658085.3
658086.3
658087.3
658088.3
658089.3
658172.5
658187.3
658445.3
658655.3
658657.3
658659.3
658664.3
659495.3
660470.3
660596.6
66084.3
661087.3
661367.26
661399.3
661478.3
662755.4
663.72
663.84
663278.4
663321.4
663610.3
66377.3
66378.4
663932.3
66429.3
664639.4
665029.3
665571.4
665577.3
665792.3
665937.3
665942.3
665945.3
665946.3
665949.3
665950.3
665951.3
665952.3
665956.3
665959.3
666.1992
666509.3
666681.3
666684.3
666685.3
666686.3
66692.6
667014.3
667015.3
66712.6
667128.3
667129.3
667632.3
668336.12
66874.3
66875.3
66896.3
66897.3
669041.3
66969.6
670292.3
670307.3
670487.3
671143.5
67257.4
67257.5
67263.14
67263.19
67267.3
67275.4
673.5
67332.3
673519.3
67352.4
67356.3
67373.4
67385.5
673862.3
674036.3
675511.3
675524.3
675635.11
675812.3
675813.3
675814.3
675816.3
675816.5
675817.3
675820.3
676.24
676200.3
676202.3
676599.3
679189.3
679190.3
679191.3
679192.3
679197.3
679199.3
679200.3
679201.3
679897.3
679935.3
679937.3
680026.4
680198.5
680646.3
681645.3
68170.10
68170.4
68178.3
682184.3
68223.7
68239.3
68244.3
68253.3
68260.3
682633.5
682634.4
682795.3
682957.3
683150.5
683837.3
684063.3
684719.3
684949.3
685035.3
685038.3
68570.13
68570.5
685727.3
685778.3
685782.3
686340.3
686578.3
686597.3
686597.7
686831.3
687412.4
687436.3
688245.4
688246.3
688269.3
688270.3
68895.5
69.6
690417.3
69042.12
690566.3
690567.3
690598.6
690850.3
690871.3
691437.3
69222.5
692420.6
69279.3
693216.3
693444.3
69370.6
69395.4
69395.5
693973.6
693977.3
693978.17
693978.3
693979.3
693988.3
694427.4
694431.3
695560.3
696125.3
696127.4
696281.4
696369.3
696747.3
696748.4
696844.5
697281.3
697282.3
697284.3
697303.4
697329.10
697329.24
698737.3
698758.3
698759.3
698760.3
698761.4
698769.3
698968.3
699218.3
699246.3
699248.3
69974.4
700015.3
700508.3
700597.3
700598.3
700750.3
701176.3
701347.4
701521.8
702113.7
702438.4
702443.3
702450.3
702457.6
702459.3
703.8
703222.3
706191.3
706433.3
706434.3
706436.3
706439.3
706587.4
707232.3
709015.3
709032.3
709797.3
709839.3
709986.3
709991.3
710111.3
710393.3
710421.3
710685.3
710686.3
710687.3
710696.3
711393.3
712357.3
712411.3
712938.3
713586.3
713587.3
713604.4
713605.5
714083.8
71421.8
714313.3
714315.3
714943.3
714961.3
714995.3
715225.3
715226.3
715451.3
716540.3
716541.4
716544.4
716928.3
717227.3
717231.3
717606.6
717608.3
717773.3
717774.3
717959.3
717960.3
717961.3
717962.3
718014.3
718252.3
718255.3
71999.5
720554.3
720555.4
722419.3
722472.3
72758.6
728.38
728005.3
73044.3
732.8
735332.5
74031.6
740709.3
741091.4
741277.3
742013.3
742159.3
742723.3
742725.3
742726.3
742727.4
742733.3
742735.4
742737.3
742738.3
742740.3
742742.3
742743.3
742766.3
742767.3
742813.4
742814.3
742816.3
742817.3
742818.3
742821.3
742823.3
743299.4
743525.8
743698.3
743718.4
743719.3
743720.3
743721.3
743722.3
743965.3
743966.3
743967.3
743971.3
743973.3
743974.3
744872.3
744979.4
744980.3
744985.3
745014.4
745277.3
745310.14
74545.3
74546.5
74547.5
745718.4
745776.4
746697.3
747.135
74704.5
747365.3
747377.3
747682.4
748224.3
748247.4
748280.3
748449.3
748671.3
749219.3
749222.3
749388.3
749414.3
749551.3
749927.5
751585.3
751586.3
751945.3
751994.3
752179.5
752555.5
75379.4
754027.3
754035.3
754409.6
754436.4
754476.3
754477.3
754500.3
754502.3
754523.3
755178.3
755732.3
756272.5
756499.4
757424.7
758.15
758.7
758828.3
758847.3
759362.5
759620.6
759620.7
759851.3
759913.3
759914.5
760011.3
760117.3
760142.3
760154.4
760192.3
760568.4
760570.3
76114.8
761193.3
761194.4
76123.5
762051.18
762211.3
762376.5
762550.4
762903.4
762948.4
762965.3
762966.3
762967.3
762968.3
762982.3
762983.3
762984.3
763034.3
764291.3
764298.3
764299.3
765698.3
765869.4
765873.5
765874.5
765909.3
765910.4
765912.4
765913.3
765914.3
765952.4
766154.3
766499.3
767029.3
767031.3
767434.3
767817.3
768066.3
76832.7
768486.3
768490.3
768492.3
76853.3
768670.3
768671.3
768700.4
768704.3
768706.3
768710.3
76936.10
77037.3
771875.3
77551.9
77635.3
78245.7
78331.5
78344.3
794903.4
795359.3
795665.3
795666.3
795955.3
796334.4
796606.3
796620.3
796937.3
796939.3
796940.3
796941.3
796942.3
796943.3
797473.3
797515.3
797516.3
79883.5
79884.3
80852.17
80854.5
80878.5
813.74
817.57
818.23
81857.4
81858.4
82.3
82374.4
82380.11
824.5
82654.3
82977.3
83219.3
83332.12
83378.4
83406.3
83655.10
838561.4
84022.6
84024.5
84292.3
84292.4
84531.7
84588.4
85643.4
856793.5
856854.3
85698.28
857087.3
857290.3
857291.3
857293.11
858215.3
858619.3
859194.3
85962.8
859653.3
859654.3
860228.4
86103.6
86106.3
861109.3
861208.3
861299.3
861360.3
861450.3
861454.3
862422.3
862512.3
862514.3
862515.4
862517.3
862719.3
862751.12
862908.3
862965.3
862967.3
862969.3
862971.3
863239.6
864051.3
864069.3
864073.3
86416.3
864563.3
864564.3
864564.6
864565.3
864569.5
865861.6
865937.3
865938.3
866499.3
866536.3
86660.3
86662.17
86668.3
86668.4
866771.4
866774.4
866775.3
866777.3
866778.4
866895.3
867845.4
867900.3
867902.3
867903.3
868129.3
868595.4
868864.3
869209.3
869210.3
869211.3
869212.3
869213.4
870187.4
870478.3
870967.3
870968.3
871203.4
871237.3
871541.3
871571.3
871585.3
871738.5
871963.5
871968.4
872325.3
872326.3
872328.3
872330.10
872331.3
873448.3
873449.3
873513.3
873533.3
874156.11
875093.3
875328.3
875453.3
875454.4
876044.3
87626.5
876269.3
877411.3
877414.3
877415.3
877418.4
877422.3
877424.3
877445.3
877500.3
87883.36
879212.3
879243.3
879274.3
879305.3
879308.3
879567.3
880070.3
880071.3
880072.3
880073.4
880478.3
880526.4
880591.3
882.5
882081.3
882082.3
882083.3
882084.3
882085.3
882086.3
882102.3
882378.3
88274.4
883.4
883066.3
883067.3
883069.3
883077.3
883078.3
883079.3
883080.3
883081.3
883096.3
883098.3
883103.3
883109.3
883111.3
883112.3
883113.3
883114.3
883126.3
883150.3
883156.3
883158.3
883161.3
883162.3
883163.3
883165.3
883166.5
883169.3
885272.3
886293.4
886377.3
886379.4
886882.15
887061.3
887062.3
887324.3
887325.3
887327.3
887700.7
887898.3
887901.3
887929.3
888050.3
888051.3
888052.3
888054.3
888056.4
888057.3
888059.3
888060.3
888062.3
888063.3
888064.3
888439.3
888728.3
888741.3
888742.3
888743.3
888746.3
888826.3
888832.3
888833.3
889204.3
889306.3
889378.3
891391.3
89187.6
891968.3
903503.4
903510.3
903814.3
903818.3
904293.3
904294.3
904306.3
904314.5
906888.9
906968.3
907.4
907348.3
907931.3
90813.3
90814.3
908285.4
908290.3
908337.3
908338.3
908339.3
908612.3
908627.4
908937.4
908937.9
909613.9
909663.3
909943.3
910310.3
910313.3
910314.3
910954.3
911008.3
911045.3
911238.3
911241.4
913324.3
913325.4
913328.3
913329.4
913331.3
913338.3
913848.3
913865.3
914128.3
91464.3
915059.3
915437.3
915438.3
91604.6
925409.4
925775.3
925776.3
926549.3
926550.5
926551.3
926554.3
926556.3
926559.3
926560.3
926561.3
926562.3
926565.3
926566.3
926567.3
926569.3
926570.3
926692.3
927083.3
927655.4
927658.4
927661.3
927666.3
927668.3
927677.3
927694.4
927704.6
928210.3
92835.4
928724.3
928729.3
929506.3
929556.3
929558.5
929562.3
929563.3
929703.3
929704.3
929712.3
929713.3
929794.3
930169.3
930171.3
93057.3
93059.6
93060.4
93061.5
930942.3
930946.3
930946.7
931074.3
931089.4
931276.5
931626.3
931627.3
93220.25
932213.3
933115.3
935261.3
935565.3
935568.3
935700.4
935837.3
935839.3
935840.3
935848.3
935851.3
935863.3
935866.3
935938.3
935942.4
935948.5
936047.3
936140.3
936154.3
936155.3
936375.3
936455.3
936589.3
936594.3
937450.3
937772.3
937773.3
937774.3
937777.3
938288.5
938289.3
938293.3
938294.3
939857.3
940190.3
940284.3
940286.3
94122.6
941258.4
941449.3
941638.3
941639.3
941640.3
941770.3
941824.4
942150.3
942938.3
943936.3
944479.3
944480.3
944481.3
944547.4
944559.3
944560.4
944564.4
945021.8
945543.3
945550.3
945681.4
945712.3
945713.3
946235.3
947828.9
947969.5
948458.3
953739.5
95606.3
95607.3
95611.3
95617.3
95618.5
96345.64
964.11
96496.5
96561.5
96563.4
96765.3
97137.3
97138.3
97139.3
979226.3
979556.3
979982.3
980518.3
980584.3
981222.3
981324.3
981327.6
981333.4
981333.9
981334.6
981336.4
981336.6
981368.3
981369.3
981383.3
981384.3
981539.3
981540.3
98228.3
983544.3
983545.3
983548.3
983594.16
983917.3
983920.3
983952.3
984262.3
98439.3
985054.3
985665.3
985867.6
986075.3
987057.7
987059.4
987060.4
989370.3
989396.3
990068.3
990268.3
990268.4
990271.3
990285.3
990288.8
990370.3
990998.3
991905.3
99287.12
993047.3
993073.4
993692.3
994479.3
994484.3
994573.3
99598.3
996637.3
996804.3
996805.3
996808.3
997346.3
997347.4
997348.4
997350.3
997352.4
997353.4
997765.3
997829.3
997830.4
997872.3
997884.3
997887.3
997889.3
997894.4
998088.4
998674.3
999141.5
999386.3
999411.4
999412.4
999413.4
999415.3
999418.3
999419.3
999422.3
999423.3
999541.3
999542.3
999544.3
999547.5
999550.5
999552.6
999892.3
